0.49552
0.495616
0.497472
0.495616
0.497088
0.495712
0.495424
0.495936
0.495616
0.497664
0.496928
0.495616
0.496832
0.496864
0.495872
0.495584
0.492736
0.495616
0.49568
0.495616
0.495648
0.495936
0.495936
0.493568
0.497664
0.494944
0.49568
0.494816
0.495616
0.497952
0.495584
0.507808
0.497312
0.495712
0.494912
0.497504
0.494976
0.495616
0.495872
0.499552
0.495616
0.497344
0.497696
0.494944
0.495488
0.495488
0.50176
0.50176
0.495008
0.496768
0.49504
0.497664
0.500096
0.49504
0.497664
0.499712
0.494752
0.4952
0.49536
0.495488
0.49584
0.50112
0.495328
0.494784
0.495616
0.496928
0.49792
0.497984
0.49568
0.498816
0.497664
0.495488
0.496
0.497312
0.498144
0.497728
0.494688
0.499712
0.494112
0.495616
0.499776
0.4952
0.497696
0.510432
0.511232
0.51376
0.507904
0.5096
0.511904
0.50896
0.509952
0.512
0.513408
0.509952
0.50944
0.511712
0.511936
0.515744
0.508896
0.508256
0.509152
0.507904
0.509376
0.512
0.509344
0.510784
0.513728
0.51424
0.512
0.5096
0.509056
0.511776
0.505856
0.510752
0.508608
0.51344
0.507904
0.51504
0.508512
0.513344
0.513568
0.513312
0.512
0.512
0.510944
0.514048
0.513792
0.509952
0.509376
0.501472
0.503808
0.499328
0.500736
0.50096
0.49952
0.516096
0.501056
0.499712
0.50176
0.499712
0.501632
0.499584
0.499104
0.499712
0.500768
0.499712
0.501088
0.503136
0.499744
0.50128
0.505376
0.50176
0.502976
0.499968
0.499008
0.503232
0.499712
0.503168
0.499392
0.50176
0.503808
0.499712
0.499616
0.50176
0.50288
0.510912
0.505856
0.50176
0.50176
0.501152
0.499776
0.499712
0.507904
0.514048
0.51648
0.516864
0.514048
0.514176
0.512768
0.514048
0.514048
0.515456
0.51488
0.51504
0.514048
0.513856
0.52224
0.516096
0.51472
0.515168
0.514048
0.51824
0.518144
0.526912
0.516096
0.514048
0.513504
0.515456
0.516384
0.514048
0.514048
0.51776
0.517056
0.51696
0.515616
0.51536
0.513888
0.51536
0.513632
0.519104
0.514048
0.51504
0.515616
0.514048
0.51808
0.515232
0.509632
0.505472
0.503808
0.505856
0.509248
0.509952
0.513856
0.505856
0.503808
0.505856
0.503808
0.50912
0.505024
0.504704
0.50784
0.505664
0.505152
0.507552
0.50896
0.509952
0.507104
0.509248
0.504704
0.507904
0.507904
0.505088
0.507552
0.50496
0.52224
0.507904
0.505856
0.506976
0.509952
0.507904
0.50576
0.507904
0.505344
0.506432
0.505056
0.505376
0.507904
0.503808
0.507328
0.507648
0.507904
0.508064
0.505856
0.509952
0.505856
0.507648
0.505024
0.505408
0.505856
0.505504
0.504992
0.50528
0.503808
0.505568
0.503584
0.50864
0.505856
0.507488
0.505792
0.505856
0.505856
0.508832
0.507872
0.5056
0.50528
0.503808
0.503712
0.505824
0.506688
0.505856
0.507904
0.509664
0.505856
0.507072
0.505856
0.505856
0.507328
0.505856
0.503808
0.505856
0.505152
0.50992
0.505504
0.50176
0.507904
0.509952
0.50496
0.507904
0.503808
0.5072
0.506816
0.5088
0.507904
0.50496
0.505728
0.50704
0.507904
0.506656
0.505152
0.507104
0.504896
0.507904
0.509408
0.504992
0.505856
0.507488
0.512
0.506656
0.505856
0.507904
0.507904
0.507904
0.504768
0.505536
0.50624
0.50912
0.509312
0.505632
0.503808
0.50544
0.505856
0.50576
0.503904
0.507904
0.507904
0.505152
0.505344
0.522112
0.522496
0.520192
0.52016
0.520352
0.5208
0.51888
0.522912
0.518272
0.518624
0.522016
0.51872
0.520192
0.518912
0.52032
0.521024
0.520896
0.51888
0.519008
0.520192
0.5232
0.5184
0.520288
0.518976
0.519968
0.521984
0.524288
0.518208
0.522272
0.520032
0.52128
0.521152
0.520448
0.521952
0.52176
0.520032
0.519424
0.5184
0.520608
0.519872
0.52032
0.520032
0.520928
0.52224
0.518784
0.508576
0.509952
0.516096
0.509952
0.509952
0.516096
0.510464
0.508896
0.508736
0.510688
0.508928
0.51376
0.512
0.512
0.510336
0.5104
0.509568
0.509952
0.509952
0.512
0.527808
0.512224
0.509504
0.509952
0.509952
0.514048
0.508864
0.514304
0.510048
0.511968
0.50976
0.509952
0.511968
0.512832
0.5112
0.509952
0.510368
0.510976
0.51072
0.512672
0.508736
0.515328
0.509952
0.511904
0.51088
0.511104
0.508864
0.514848
0.5104
0.509952
0.522944
0.512192
0.510592
0.508768
0.511616
0.514048
0.510848
0.513856
0.510464
0.50992
0.509952
0.514048
0.516096
0.509952
0.512736
0.510752
0.509952
0.511104
0.512
0.512608
0.512032
0.51568
0.512832
0.512256
0.513024
0.511104
0.510752
0.510048
0.509952
0.509952
0.510944
0.514048
0.514048
0.514016
0.509952
0.509952
0.522144
0.512032
0.509952
0.512704
0.510912
0.510656
0.509568
0.511904
0.511296
0.510784
0.509952
0.509952
0.510048
0.512
0.513984
0.51264
0.510624
0.510752
0.510464
0.508832
0.508736
0.51184
0.509952
0.512256
0.510912
0.511648
0.509952
0.507616
0.513888
0.511648
0.509216
0.512864
0.510592
0.512
0.512416
0.512
0.512288
0.52256
0.52256
0.397312
0.399968
0.397312
0.39936
0.3984
0.39936
0.400672
0.400448
0.398016
0.39936
0.398528
0.400384
0.397312
0.39872
0.401024
0.398592
0.399296
0.395968
0.397312
0.397856
0.399712
0.400416
0.40192
0.401984
0.398336
0.397312
0.398848
0.397312
0.403552
0.399392
0.398592
0.397696
0.397312
0.39776
0.397312
0.398848
0.401408
0.397088
0.39888
0.397312
0.397312
0.397312
0.40112
0.39824
0.399456
0.397312
0.399136
0.395264
0.398592
0.399968
0.399328
0.39856
0.401216
0.39856
0.400416
0.397312
0.401088
0.397952
0.40128
0.39888
0.39904
0.397312
0.395264
0.398528
0.399648
0.39936
0.401408
0.39936
0.397312
0.397312
0.400864
0.4096
0.400128
0.397664
0.397312
0.397312
0.40192
0.399648
0.397312
0.399584
0.40016
0.39936
0.397376
0.39856
0.398592
0.397312
0.39872
0.399296
0.398272
0.400032
0.401536
0.400384
0.398784
0.397312
0.4096
0.398848
0.398656
0.397312
0.397312
0.395264
0.397312
0.396864
0.39936
0.397632
0.39936
0.396896
0.397664
0.399008
0.398368
0.397536
0.401696
0.399328
0.401088
0.397312
0.397312
0.399936
0.398496
0.39936
0.400128
0.397312
0.397696
0.403264
0.39904
0.397664
0.403392
0.398976
0.401408
0.397408
0.399168
0.397856
0.397248
0.397984
0.39936
0.399328
0.397376
0.397312
0.397312
0.39936
0.397312
0.39952
0.398528
0.397312
0.397312
0.397312
0.3984
0.39936
0.397312
0.400352
0.399072
0.397312
0.399648
0.397312
0.39936
0.397312
0.397312
0.397312
0.398464
0.398432
0.397312
0.397312
0.397824
0.401312
0.39936
0.401408
0.397312
0.39888
0.398624
0.397312
0.399232
0.401248
0.398432
0.39936
0.398496
0.39712
0.39872
0.397248
0.397632
0.399328
0.397344
0.399232
0.397952
0.40064
0.397312
0.407552
0.39936
0.397984
0.399712
0.39936
0.401408
0.399744
0.39936
0.398944
0.39904
0.39728
0.4008
0.396576
0.398464
0.397312
0.397312
0.398432
0.401344
0.397344
0.3992
0.39936
0.39936
0.398336
0.397312
0.397312
0.400096
0.39696
0.39936
0.397312
0.49184
0.493216
0.49184
0.495616
0.49296
0.495264
0.493664
0.494912
0.493568
0.494976
0.495808
0.497024
0.493632
0.493664
0.49696
0.494656
0.495616
0.495328
0.493856
0.493952
0.494016
0.496096
0.495616
0.4952
0.495072
0.494816
0.494144
0.493696
0.494048
0.49472
0.50592
0.493568
0.495968
0.493728
0.493952
0.493472
0.493568
0.493184
0.493504
0.495616
0.494816
0.496
0.493952
0.497312
0.495424
0.48624
0.487648
0.486176
0.485728
0.485376
0.485984
0.48576
0.49424
0.487424
0.488192
0.485696
0.48592
0.486176
0.48768
0.484096
0.485984
0.4856
0.48576
0.486016
0.486112
0.486016
0.48544
0.494432
0.486592
0.488064
0.485504
0.486208
0.48736
0.487488
0.487168
0.488192
0.488864
0.485728
0.485728
0.485664
0.485728
0.48576
0.485056
0.485376
0.485952
0.485728
0.486912
0.487904
0.499712
0.499648
0.505792
0.499136
0.499712
0.498944
0.499648
0.497984
0.504928
0.503232
0.499008
0.501056
0.499424
0.50192
0.501408
0.497664
0.50016
0.499712
0.499488
0.496896
0.497312
0.499104
0.499232
0.499712
0.499328
0.49936
0.499008
0.498208
0.49936
0.497696
0.502944
0.505408
0.49968
0.499776
0.501664
0.497664
0.503104
0.501312
0.499712
0.50288
0.500032
0.5008
0.499904
0.499712
0.501728
0.491296
0.48976
0.490912
0.493568
0.493568
0.492928
0.49008
0.494688
0.493472
0.489664
0.4912
0.491072
0.49072
0.49392
0.494048
0.49152
0.492064
0.489536
0.491712
0.491584
0.49104
0.4912
0.489728
0.493568
0.489856
0.491168
0.489472
0.49008
0.490016
0.489888
0.49152
0.490656
0.490816
0.491232
0.4896
0.491552
0.489856
0.489856
0.491456
0.492064
0.490176
0.489792
0.493536
0.503808
0.501248
0.50688
0.505344
0.507904
0.503584
0.507904
0.507328
0.505504
0.503808
0.505248
0.503808
0.505376
0.503808
0.507904
0.503808
0.505792
0.503104
0.505152
0.505856
0.503872
0.505856
0.512
0.507552
0.505536
0.503808
0.505056
0.505856
0.505664
0.503808
0.505184
0.505856
0.507904
0.507904
0.505856
0.503808
0.505856
0.51184
0.505856
0.50528
0.507872
0.505856
0.503904
0.5072
0.505632
0.497664
0.497664
0.493696
0.49568
0.49696
0.493888
0.495296
0.499264
0.497568
0.495168
0.493984
0.494784
0.495488
0.497664
0.495712
0.496768
0.495616
0.497664
0.497088
0.4952
0.49504
0.49488
0.49808
0.495936
0.494784
0.495648
0.49568
0.495616
0.495584
0.4976
0.496832
0.499488
0.49488
0.497376
0.493792
0.495616
0.497664
0.49552
0.495616
0.495712
0.493568
0.499808
0.494816
0.49952
0.499712
0.49696
0.495904
0.494848
0.498848
0.493664
