2.43917
2.33267
2.15526
2.1545
2.15232
2.15638
2.32736
2.38864
2.33677
2.15408
2.15341
2.15034
2.15626
2.1817
2.49242
2.3337
2.15242
2.15677
2.16048
2.32237
2.33274
2.34557
2.15654
2.15514
2.1583
2.15325
2.43443
2.36438
2.33677
2.1463
2.16342
2.15338
2.17453
2.39392
2.33677
2.15325
2.16077
2.15149
2.1545
2.17293
2.33686
2.14768
2.15757
2.1504
2.15443
2.17626
2.39206
2.33062
2.15654
2.15254
2.15741
2.15155
2.50675
2.15744
2.16259
2.15152
2.1545
2.15187
2.17126
2.41254
2.34454
2.1552
2.15654
2.15338
2.1545
2.51802
2.34496
2.1504
2.1545
2.15462
2.15229
2.15424
2.41437
2.34221
2.34086
2.15328
2.1576
2.15654
2.44144
2.34086
2.15437
2.15206
2.15357
2.1545
2.17024
2.40026
2.34086
2.15248
2.15613
2.15082
2.15834
2.42893
2.34675
2.15226
2.15654
2.15309
2.15587
2.164
2.42278
2.33677
2.15459
2.15245
2.15859
2.15654
2.50675
2.14829
2.15418
2.15245
2.15558
2.1504
2.18112
2.47398
2.33677
2.1559
2.15856
2.1545
2.17907
2.4023
2.15222
2.15437
2.15728
2.15594
2.15245
2.41408
2.44544
2.1504
2.16006
2.15654
2.15549
2.17114
2.40384
2.33501
2.15654
2.14794
2.15347
2.14602
2.49366
2.33882
2.34701
2.15142
2.1505
2.15232
2.18637
2.43098
2.15632
2.15654
2.1545
2.14835
2.15245
2.39821
2.34086
2.34202
2.1511
2.1503
2.15562
2.1831
2.43709
2.3593
2.15245
2.1504
2.15034
2.16998
2.40378
2.33472
2.15376
2.14858
2.14813
2.14835
2.18006
2.33389
2.14835
2.15376
2.15446
2.14829
2.15562
2.38387
2.33747
2.34496
2.15763
2.15158
2.1545
2.18522
2.41459
2.33414
2.15414
2.15869
2.16157
2.15632
2.41754
2.33882
2.33882
2.15171
2.15869
2.1504
2.18112
2.40954
2.1463
2.14989
2.16045
2.15648
2.15341
2.49856
2.34045
2.34038
2.15904
2.15309
2.1583
2.15549
2.16269
2.48832
2.34291
2.15274
2.15613
2.14925
2.49389
2.34368
2.33882
2.15264
2.15245
2.15232
2.18931
2.42147
2.3593
2.15261
2.15411
2.15002
2.17498
2.38794
2.34477
2.15216
2.15859
2.15245
2.15898
2.17702
2.33907
2.3537
2.15859
2.15408
2.14835
2.42045
2.35002
2.15008
2.14835
2.14509
2.1545
2.1567
2.43478
2.33882
2.15085
2.15162
2.15235
2.15299
2.18522
2.33619
2.33472
2.15184
2.15654
2.15654
2.16269
2.43814
2.3425
2.15219
2.15786
2.14995
2.16269
2.17795
2.40195
2.33843
2.15395
2.15846
2.16269
2.15955
2.43507
2.33952
2.15088
2.15654
2.15984
2.15869
2.15933
2.41805
2.33773
2.33677
2.15821
2.14835
2.1583
2.18726
2.39821
2.15725
2.15898
2.15155
2.15581
2.15552
2.49446
2.33267
2.15859
2.14794
2.15306
2.15539
2.31309
2.42166
2.34701
2.1536
2.15366
2.1544
2.15654
2.17917
2.34285
2.33274
2.1545
2.14922
2.1504
2.43712
2.34
2.14938
2.16064
2.1504
2.1545
2.15747
2.39885
2.34026
2.15686
2.15542
2.15395
2.14739
2.44592
2.34298
2.15734
2.15667
2.15859
2.15334
2.16474
2.41069
2.3487
2.336
2.1545
2.15741
2.16064
2.16896
2.41597
2.34086
2.15299
2.1553
2.15862
2.15114
2.42893
2.33859
2.44531
2.15434
2.15859
2.15504
2.15648
2.4064
2.34253
2.15059
2.16064
2.15974
2.15917
2.43232
2.3401
2.33677
2.1591
2.14426
2.15517
2.17907
2.40995
2.1545
2.1545
2.15363
2.15629
2.15133
2.50042
2.34266
2.33453
2.14909
2.14835
2.15155
2.52883
2.36026
2.33677
2.14992
2.15514
2.15408
2.19002
2.39731
2.36909
2.15293
2.1545
2.14915
2.15139
2.18211
2.33542
2.15414
2.15654
2.1504
2.15245
2.15245
2.5047
2.34262
2.33872
2.15245
2.1545
2.15651
2.18602
2.47894
2.3441
2.1504
2.15482
2.15341
2.1511
2.41971
2.34163
2.34086
2.14928
2.15232
2.15245
2.18522
2.40922
2.33267
2.15376
2.15245
2.15654
2.14874
2.42294
2.33635
2.44243
2.15258
2.15654
2.1504
2.1695
2.4112
2.33955
2.15261
2.15859
2.15245
2.1545
2.42144
2.36134
2.33181
2.1576
2.14643
2.1561
2.18442
2.33757
2.14835
2.15802
2.1504
2.15619
2.32928
2.39616
2.32883
2.15443
2.14426
2.15517
2.14822
2.50656
2.36406
2.33642
2.15411
2.15459
2.15024
2.18317
2.32893
2.33725
2.1504
2.15766
2.15245
2.17293
2.41571
2.33856
2.14486
2.15142
2.1504
2.1504
2.39962
2.34346
2.33875
2.15654
2.1504
2.14835
2.17907
2.33562
2.1504
2.15818
2.1456
2.15859
2.14845
2.42067
2.33267
2.3465
2.1504
2.15747
2.15197
2.31414
2.40845
2.34086
2.15251
2.15731
2.14915
2.1519
2.18522
2.47603
2.34086
2.15354
2.16026
2.1575
2.18006
2.42074
2.33472
2.15213
2.14928
2.14928
2.33062
2.1489
2.14426
2.16042
2.31978
2.39709
2.32918
2.14432
2.1496
2.15654
2.16064
2.15338
2.3263
2.15146
2.14931
2.15654
2.14835
2.40848
2.32707
2.1487
2.14835
2.15584
2.14835
2.15379
2.40429
2.1545
2.14861
2.15283
2.15181
2.15245
2.17293
2.3839
2.3351
2.15344
2.14822
2.1504
2.14109
2.42851
2.33043
2.15286
2.14016
2.14986
2.1504
2.16474
2.39619
2.33475
2.14381
2.1463
2.14717
2.1536
2.42797
2.33472
2.14835
2.14835
2.1463
2.14016
2.17069
2.3913
2.32979
2.15056
2.14426
2.14586
2.1504
2.44214
2.33267
2.14787
2.14221
2.14259
2.14765
2.17597
2.38579
2.14928
2.14445
2.14835
2.14426
2.16643
2.40595
2.15027
2.14301
2.1504
2.15245
2.14221
2.30138
2.32861
2.32448
2.15146
2.14835
2.15245
2.15654
2.41264
2.33882
2.14925
2.14928
2.15763
2.15632
2.49789
2.33267
2.15187
2.15171
2.1545
2.14742
2.16883
2.40845
2.33174
2.1504
2.14957
2.15146
2.1545
2.48627
2.33456
2.32592
2.15251
2.1463
2.15027
2.15408
2.49446
2.32653
2.15338
2.15245
2.15245
2.15392
2.4105
2.33472
2.3329
2.14835
2.15654
2.14522
2.15549
2.42483
2.3311
2.14989
2.15005
2.14368
2.14426
2.17293
2.38387
2.32832
2.14502
2.15021
2.14832
2.1463
2.42669
2.14646
2.14944
2.1423
2.1415
2.1463
2.49446
2.32922
2.3368
2.14746
2.1504
2.14835
2.16768
2.41459
2.3465
2.14221
2.14838
2.14429
2.15834
2.50669
2.33728
2.32422
2.15018
2.14666
2.15245
2.16678
2.41539
2.33462
2.1504
2.15264
2.14982
2.15654
2.41008
2.32656
2.43891
2.14429
2.1505
2.14602
2.1504
2.4023
2.32854
2.14816
2.15066
2.14989
2.15654
2.17088
2.3327
2.32842
2.14944
2.1504
2.14973
2.14966
2.42659
2.33146
2.14426
2.14221
2.14835
2.14579
2.15322
2.38323
2.33005
2.1432
2.1545
2.1463
2.15786
2.5064
2.336
2.14803
2.15088
2.1504
2.15222
2.152
2.17066
2.32445
2.32848
2.14691
2.14733
2.1545
2.17379
2.33075
2.1401
2.14426
2.1463
2.14224
2.15894
2.38243
2.33267
2.14954
2.1463
2.14426
2.15642
2.49843
2.33558
2.1463
2.1504
2.14835
2.15021
2.32205
2.40845
2.33651
2.1473
2.14221
2.14694
2.16739
2.40416
2.14704
2.1504
2.14426
2.15424
2.14858
2.48618
2.32838
2.33776
2.1439
2.15277
2.14221
2.15526
2.16224
2.32851
2.34131
2.15293
2.1463
2.14861
2.41254
2.3279
2.33062
2.1545
2.14426
2.1535
2.15248
2.41664
2.32858
2.15174
2.14547
2.1504
2.14438
2.17907
2.38592
2.33478
2.14835
2.1463
2.1463
2.15184
2.42726
2.33882
2.14557
2.15386
2.14819
2.1504
2.15859
2.39862
2.32848
2.14694
2.1439
2.1463
2.1504
2.17267
2.32483
2.1463
2.1463
2.14426
2.14221
2.18317
2.38003
2.15482
2.14979
2.15242
2.15133
2.15491
2.29891
2.49123
2.33181
2.15136
2.14298
2.1504
2.17286
2.39421
2.32867
2.15469
2.15555
2.16006
2.15334
2.51181
2.34118
2.1504
2.15274
2.15962
2.1513
2.1673
2.18349
2.34291
2.15245
2.16266
2.16294
2.16269
2.15766
2.50675
2.33882
2.16384
2.15654
2.15872
2.15949
2.17718
2.42893
2.35235
2.15542
2.15539
2.15811
2.15859
2.4375
2.34624
2.15482
2.15654
2.15702
2.1575
2.16154
2.44653
2.34298
2.15853
2.16189
2.16218
2.15805
2.19024
2.3417
2.16384
2.15958
2.16064
2.15907
2.16662
2.43712
2.34406
2.14992
2.15475
2.15555
2.15517
2.17088
2.40026
2.15418
2.1545
2.15443
2.15859
2.15478
2.31651
2.40355
2.3353
2.1545
2.15946
2.15114
2.16362
2.51501
2.33939
2.33267
2.16253
2.15334
2.1567
2.32038
2.42483
2.34086
2.16278
2.1545
2.15939
2.15453
2.17885
2.47664
2.34432
2.15498
2.15126
2.15178
2.17907
2.41664
2.16045
2.15306
2.1632
2.152
2.15306
2.17702
2.39238
2.34006
2.15549
2.15344
2.15184
2.15142
2.18794
2.32909
2.34291
2.1473
2.15386
2.1463
2.18205
2.39469
2.34086
2.1545
2.16048
2.1504
2.15846
2.18058
2.3336
2.1545
2.1545
2.14576
2.16269
2.1545
2.41763
2.33974
2.15238
2.15142
2.15654
2.15398
2.17363
2.42278
2.33622
2.15683
2.1577
2.1455
2.15654
2.18112
2.33267
2.14835
2.1545
2.14826
2.15194
2.29939
2.41149
2.15446
2.15379
2.1521
2.15219
2.15709
2.51382
2.35539
2.16026
2.14515
2.15814
2.15267
2.18282
2.41286
2.37021
2.15654
2.15734
2.15309
2.15245
2.41936
2.3456
2.1545
2.16038
2.15338
2.15264
2.15654
