MY-VER-NO-SHADOW
0.853888
0.863936
0.856064
0.863424
0.858112
0.85408
0.862208
0.864256
0.864416
0.864416
0.86032
0.86016
0.84992
0.857856
0.85632
0.858048
0.854016
0.851968
0.863264
0.851392
0.855712
0.854016
0.85152
0.862176
0.852
0.85616
0.856064
0.851968
0.85408
0.858112
0.849504
0.858144
0.859488
0.847296
0.853664
0.848096
0.84992
0.8704
0.85616
0.856064
0.854016
0.856064
0.8704
0.851968
0.866304
0.85936
0.85408
0.885728
0.85376
0.864256
0.858112
0.858112
0.855296
0.867712
0.862208
0.866176
0.8536
0.858272
0.845888
0.85408
0.867872
0.857216
0.851968
0.85552
0.855392
0.859968
0.86016
0.876576
0.864256
0.864128
0.860288
0.856064
0.851648
0.857504
0.8704
0.86016
0.872448
0.860288
0.856064
0.862208
0.863424
0.866752
0.86192
0.857792
0.858144
0.864256
0.861568
0.88064
0.868416
0.862208
0.86016
0.859552
0.868352
0.857024
0.862208
0.860224
0.860224
0.868352
0.85584
0.872448
0.866304
0.862944
0.859392
0.866304
0.857984
0.870432
0.863904
0.865856
0.869728
0.858112
0.85792
0.877696
0.86432
0.857696
0.860256
0.87008
0.87024
0.86208
0.860384
0.867936
0.859872
0.864256
0.864192
0.8576
0.858112
0.864576
0.864384
0.868416
0.854176
0.861472
0.866304
0.866304
0.86192
0.862208
0.865504
0.865216
0.862272
0.86752
0.863776
0.864256
0.863808
0.868352
0.861792
0.869824
0.856064
0.864256
0.866368
0.86016
0.862336
0.862016
0.853664
0.856064
0.863136
0.86016
0.858112
0.872224
0.866304
0.868352
0.861376
0.868448
0.864
0.86576
0.855584
0.866112
0.862272
0.869504
0.859584
0.861792
0.866432
0.870112
0.862208
0.86016
0.858144
0.862208
0.855264
0.866144
0.858112
0.868864
0.85616
0.862336
0.861792
0.866304
0.859648
0.864256
0.859488
0.855616
0.85968
0.87184
0.862624
0.868704
0.859872
0.857728
0.856064
0.86016
0.865728
0.858016
0.859584
0.8592
0.851968
0.858112
0.85552
0.862592
0.85824
0.863776
0.858176
0.857888
0.856064
0.862912
0.857984
0.864288
0.856128
0.858112
0.8656
0.860032
0.863328
0.86352
0.86016
0.867488
0.861408
0.859488
0.866304
0.861888
0.861312
0.859552
0.856064
0.866304
0.860288
0.86016
0.860192
0.859264
0.861408
0.867328
0.855456
0.865632
0.8592
0.856096
0.876384
0.866304
0.861696
0.866336
0.859136
0.854112
0.868448
0.864256
0.861152
0.867744
0.862144
0.862272
0.859872
0.86416
0.86224
0.866304
0.86352
0.864
0.857792
0.859136
0.867424
0.86144
0.859488
0.862272
0.86048
0.851168
0.864672
0.861536
0.857568
0.859584
0.86144
0.866048
0.868352
0.863136
0.864192
0.86016
0.86592
0.8584
0.858112
0.86016
0.862272
0.868512
0.874496
0.864256
0.86016
0.864256
0.865504
0.865472
0.857824
0.875488
0.863264
0.871872
0.862304
0.862208
0.855488
0.868352
0.854176
0.863872
0.856192
0.861216
0.864256
0.864192
0.867136
0.860672
0.867552
0.863776
0.86384
0.864256
0.872512
0.866048
0.860256
0.862208
0.86352
0.864256
0.866304
0.860224
0.868736
0.864288
0.865376
0.867424
0.862272
0.854176
0.864544
0.871904
0.867936
0.867392
0.862208
0.862336
0.871872
0.871808
0.862272
0.864256
0.862912
0.864256
0.8704
0.868448
0.864
0.866048
0.865792
0.863904
0.858016
0.8736
0.860832
0.861856
0.86224
0.862208
0.856672
0.866272
0.855552
0.86352
0.868
0.860064
0.855872
0.868352
0.860192
0.866464
0.86592
0.868352
0.856064
0.863872
0.866304
0.865504
0.865856
0.87216
0.854176
0.862272
0.867744
0.865088
0.863392
0.865152
0.858112
0.85936
0.868448
0.872832
0.863648
0.864256
0.856064
0.857728
0.85968
0.874304
0.864256
0.863744
0.86016
0.864288
0.86016
0.855616
0.863008
0.85568
0.861952
0.864416
0.868352
0.868352
0.867936
0.85824
0.862208
0.869472
0.865632
0.8704
0.860224
0.864224
0.864256
0.863968
0.863872
0.872384
0.863424
0.87552
0.868352
0.858112
0.864256
0.864256
0.856224
0.864448
0.856128
0.863488
0.856064
0.868128
0.860192
0.856064
0.865888
0.8648
0.860032
0.856224
0.862272
0.857632
0.866464
0.867232
0.863584
0.86432
0.858112
0.858112
0.866304
0.866304
0.861344
0.861824
0.864256
0.863712
0.852096
0.857696
0.8648
0.861216
0.866112
0.858112
0.859264
0.86016
0.864256
0.861792
0.857056
0.867616
0.85376
0.864416
0.865952
0.869024
0.864256
0.863648
0.85728
0.854016
0.864512
0.85632
0.864256
0.864128
0.861504
0.862208
0.863168
0.861696
0.863424
0.862208
0.865472
0.863744
0.86384
0.864352
0.866368
0.860128
0.862112
0.867968
0.862208
0.863424
0.861376
0.856064
0.865152
0.864288
0.855456
0.874976
0.862208
0.864064
0.86128
0.86176
0.858176
0.864256
0.86608
0.857952
0.861376
0.879648
0.864256
0.863968
0.874496
0.857888
0.86128
0.863616
0.855136
0.86544
0.858112
0.865312
0.856768
0.861664
0.862304
0.868352
0.867712
0.859328
0.864256
0.865952
0.860192
0.862208
0.863488
0.864896
0.863232
0.864256
0.865888
0.868352
0.856064
0.872544
0.864256
0.867424
0.874496
0.87216
0.865984
0.858144
0.860352
0.872032
0.860224
0.858112
0.868352
0.862304
0.853408
0.854016
0.868352
0.854016
0.863552
0.86
0.854016
0.86064
0.866016
0.864032
0.864256
0.857632
0.861312
0.868352
0.872928
0.864384
0.866304
0.862208
0.862336
0.864256
0.8584
0.865984
0.857728
0.856224
0.862336
0.862208
0.87232
0.867904
0.866304
0.858112
0.864256
0.862176
0.85776
0.862208
0.86368
0.861728
0.860192
0.86672
0.864256
0.865664
0.868448
0.866496
0.86592
0.867872
0.857728
0.864128
0.860832
0.855808
0.861504
0.85904
0.856064
0.85664
0.854112
0.868352
0.858112
0.862208
0.861504
0.862208
0.860736
0.866272
0.863392
0.862208
0.858176
0.862208
0.86016
0.87008
0.857152
0.86528
0.864256
0.866272
0.866304
0.866304
0.857792
0.866304
0.862336
0.868448
0.866336
0.858112
0.866304
0.861664
0.862208
0.862208
0.856064
0.876544
0.863616
0.859456
0.864256
0.865568
0.85952
0.858112
0.86208
0.864256
0.861312
0.863424
0.866304
0.856064
0.869408
0.859936
0.857888
0.861408
0.86208
0.8592
0.872512
0.856064
0.869856
0.86016
0.86352
0.862208
0.863936
0.858496
0.868352
0.86016
0.861696
0.854016
0.874496
0.862208
0.856032
0.864256
0.858112
0.8552
0.85648
0.858464
0.857248
0.862016
0.856064
0.856064
0.862208
0.864096
0.861184
0.861184
0.866304
0.864192
0.866272
0.860448
0.859808
0.858112
0.85568
0.872544
0.859584
0.862208
0.85984
0.862208
0.863296
0.85824
0.856064
0.858112
0.864384
0.865312
0.857888
0.856032
0.867264
0.868352
0.866368
0.870528
0.865632
0.852096
0.8704
0.868768
0.863904
0.858816
0.859488
0.859648
0.84992
0.864256
0.86384
0.861408
0.862304
0.870048
0.86016
0.867936
0.864256
0.861152
0.866176
0.864128
0.855744
0.866112
0.868352
0.859104
0.862208
0.868352
0.865888
0.862208
0.85968
0.8696
0.8576
0.8656
0.856096
0.860096
0.884736
0.87376
0.868384
0.86176
0.868352
0.854048
0.851968
0.86
0.86256
0.866304
0.85968
0.861216
0.856064
0.864256
0.860512
0.865888
0.858112
0.861664
0.859904
0.863808
0.866304
0.868288
0.85808
0.86192
0.860224
0.864256
0.866304
0.868128
0.85776
0.864288
0.856128
0.87056
0.859104
0.86272
0.863968
0.866304
0.8704
0.86
0.867744
0.865888
0.859776
0.864288
0.86432
0.858208
0.853088
0.860064
0.862176
0.867968
0.86032
0.865344
0.85408
0.87472
0.866784
0.862176
0.864096
0.861312
0.856096
0.855392
0.855552
0.866336
0.866304
0.86768
0.859904
0.870112
0.868832
0.871872
0.862112
0.864256
0.862208
0.866304
0.854112
0.8688
0.862304
0.867264
0.869248
0.867936
0.860128
0.8704
0.871072
0.86016
0.861216
0.864096
0.85824
0.861312
0.86192
0.863712
0.8616
0.866304
0.867584
0.853664
0.857792
0.867744
0.865696
0.866208
0.859616
0.86176
0.873664
0.869728
0.858112
0.85968
0.858272
0.856224
0.874944
0.853088
0.865952
0.86048
0.86016
0.851936
0.868896
0.862208
0.8592
0.865184
0.855648
0.860064
0.863776
0.864256
0.863296
0.869824
0.859616
0.857248
0.863776
0.868352
0.856064
0.859616
0.857184
0.860896
0.8704
0.861824
0.855648
0.864256
0.858176
0.85824
0.873632
0.862208
0.856064
0.856096
0.866368
0.861504
0.855456
0.86016
0.858112
0.858208
0.866336
0.85808
0.854016
0.861952
0.858112
0.85776
0.862208
0.866304
0.856128
0.86016
0.858112
0.86016
0.860288
0.869696
0.8616
0.851968
0.862816
0.857856
0.860032
0.856064
0.8576
0.853408
0.862208
0.864096
0.864256
0.85408
0.856064
0.862208
0.86016
0.86016
0.858176
0.864256
0.86192
0.856096
0.864256
0.868512
0.858144
0.860096
0.855328
0.868352
0.861184
0.861376
0.857088
0.864256
0.853728
0.873504
0.870432
0.864256
0.86224
0.858144
0.861248
0.858112
0.864256
0.863136
0.859808
0.862368
0.850048
0.86224
0.855712
0.866048
0.858112
0.860256
0.857952
0.858112
0.859392
0.866272
0.863424
0.860096
0.86336
0.856064
0.86016
0.866304
0.861696
0.86432
0.865888
0.857248
0.859808
0.862208
0.86016
0.86016
0.859968
0.866112
0.854112
0.862208
0.858208
0.86432
0.862208
0.86304
0.86016
0.868224
0.869024
0.858208
0.857664
0.857248
0.861408
0.856064
0.85744
0.86016
0.858112
0.860192
0.859296
0.85824
0.85408
0.863744
0.859616
0.863264
0.864256
0.869536
0.862208
0.866304
0.86368
0.858112
0.862144
0.876064
0.862112
0.864256
0.862304
0.861184
0.85776
0.871584
0.86016
0.861344
0.8576
0.854016
0.855936
0.858112
0.866112
0.862304
0.86352
0.85792
0.853728
0.862208
0.870656
0.861088
0.863872
0.856064
0.853376
0.869536
0.85616
0.863232
0.86016
0.857696
