MY-VER
0.720768
0.719456
0.718528
0.719392
0.719072
0.721088
0.722176
0.719328
0.718848
0.721312
0.72144
0.722944
0.719424
0.719392
0.719264
0.7208
0.717376
0.72096
0.718784
0.71936
0.719552
0.720832
0.718784
0.720896
0.719392
0.721376
0.71936
0.719904
0.718848
0.720896
0.719328
0.721664
0.720736
0.721312
0.720896
0.720896
0.71952
0.718848
0.719296
0.7176
0.721536
0.718944
0.719008
0.7192
0.720896
0.717472
0.718816
0.719424
0.718752
0.719488
0.72064
0.719488
0.71888
0.72032
0.718848
0.717312
0.719552
0.721056
0.720672
0.718528
0.718848
0.718848
0.71968
0.719776
0.715488
0.718848
0.719616
0.719968
0.719552
0.715552
0.720896
0.721056
0.71744
0.720896
0.7192
0.717472
0.718528
0.718592
0.719424
0.720544
0.719168
0.719488
0.722944
0.716832
0.7224
0.717312
0.720896
0.71936
0.716608
0.720768
0.722688
0.721696
0.720896
0.722944
0.717568
0.718976
0.719008
0.717568
0.71952
0.720896
0.720896
0.719296
0.72064
0.71936
0.721216
0.719296
0.719392
0.72
0.72272
0.718368
0.719552
0.720064
0.718848
0.719296
0.718368
0.71936
0.7176
0.722944
0.71904
0.719584
0.718272
0.718848
0.718848
0.721056
0.717568
0.71968
0.719488
0.720896
0.722944
0.722592
0.720704
0.719328
0.719456
0.718944
0.717472
0.722944
0.721248
0.71952
0.722944
0.719008
0.720896
0.723008
0.718624
0.719392
0.718464
0.720864
0.721536
0.720896
0.720896
0.720224
0.719296
0.720896
0.718848
0.720704
0.720896
0.721632
0.72064
0.71968
0.720896
0.722496
0.718656
0.719648
0.718592
0.719072
0.720864
0.720672
0.7216
0.719456
0.719392
0.719552
0.726816
0.719136
0.720192
0.721568
0.721536
0.718848
0.716992
0.72096
0.719552
0.71904
0.718848
0.7192
0.718272
0.720736
0.719296
0.720928
0.720768
0.72128
0.723808
0.717248
0.72096
0.721632
0.719008
0.722944
0.722912
0.720576
0.717248
0.721312
0.721248
0.720896
0.720672
0.720416
0.722784
0.719648
0.718624
0.720896
0.71952
0.718816
0.719264
0.72
0.722336
0.719936
0.720896
0.71936
0.718048
0.71872
0.720416
0.723424
0.721728
0.7176
0.72064
0.721248
0.72016
0.720896
0.722944
0.718976
0.720768
0.718752
0.720896
0.717472
0.721568
0.717376
0.719328
0.719232
0.72256
0.719424
0.719072
0.721184
0.720384
0.719552
0.717568
0.721024
0.720896
0.718976
0.717376
0.71904
0.71952
0.720192
0.720896
0.719456
0.72064
0.719456
0.719104
0.722752
0.719296
0.721696
0.720896
0.719648
0.72096
0.719328
0.722144
0.7208
0.718336
0.71936
0.7192
0.721184
0.720896
0.7192
0.721536
0.718848
0.720896
0.719296
0.719552
0.720736
0.718752
0.719584
0.719456
0.71968
0.721088
0.720384
0.72192
0.719264
0.719488
0.719968
0.719264
0.722912
0.72096
0.719616
0.719392
0.720128
0.7216
0.719264
0.722176
0.719616
0.718848
0.719456
0.719584
0.720768
0.720896
0.71936
0.719584
0.719392
0.717376
0.71952
0.717888
0.72208
0.7176
0.719712
0.720864
0.719104
0.72272
0.722656
0.719328
0.721568
0.718528
0.719296
0.72144
0.721952
0.722848
0.720352
0.719072
0.71936
0.722496
0.720128
0.720896
0.719648
0.719552
0.71952
0.719552
0.720896
0.720672
0.71888
0.720896
0.721696
0.719616
0.71936
0.721824
0.721024
0.720896
0.71968
0.721024
0.721344
0.723072
0.719328
0.72032
0.719648
0.718592
0.720896
0.720992
0.718688
0.720704
0.720768
0.721984
0.721216
0.720896
0.719328
0.72272
0.72096
0.718912
0.72
0.719456
0.71968
0.720992
0.720832
0.720608
0.72064
0.719392
0.718592
0.719584
0.719328
0.72
0.721312
0.719488
0.721536
0.72048
0.720672
0.718592
0.722624
0.720096
0.720832
0.7176
0.719488
0.721024
0.720384
0.719136
0.717312
0.719456
0.721024
0.721536
0.722688
0.723104
0.721152
0.72288
0.71888
0.719392
0.718848
0.71952
0.720512
0.721504
0.72144
0.717472
0.720768
0.721472
0.719328
0.718848
0.721376
0.718944
0.720864
0.718848
0.719296
0.721056
0.719328
0.71936
0.720896
0.7208
0.719296
0.720448
0.718848
0.71744
0.720896
0.72224
0.7176
0.7216
0.719584
0.719424
0.719456
0.719616
0.718656
0.721376
0.7176
0.72016
0.72096
0.718816
0.719424
0.718528
0.718848
0.722944
0.721088
0.7224
0.719552
0.7208
0.719168
0.720896
0.724544
0.720192
0.719648
0.743616
0.743424
0.741568
0.743424
0.74336
0.74144
0.743168
0.742816
0.742944
0.743808
0.74752
0.745056
0.745472
0.744736
0.74624
0.743104
0.746976
0.743424
0.742112
0.741376
0.741472
0.742144
0.743424
0.744096
0.743424
0.743424
0.741568
0.741472
0.743104
0.74768
0.742912
0.743392
0.743488
0.741376
0.742752
0.74688
0.743616
0.743424
0.743072
0.73936
0.7376
0.736576
0.735776
0.73728
0.735232
0.736704
0.73904
0.735232
0.73728
0.733248
0.735104
0.734816
0.737696
0.7328
0.73728
0.733344
0.73728
0.734688
0.73488
0.73776
0.735232
0.737312
0.73728
0.737536
0.735168
0.73904
0.73904
0.6768
0.679936
0.680224
0.681984
0.678976
0.679552
0.679296
0.678016
0.67952
0.685312
0.679936
0.679936
0.677888
0.684032
0.677888
0.684032
0.679136
0.679936
0.679936
0.681984
0.677888
0.679936
0.679936
0.67952
0.677888
0.677888
0.677888
0.679808
0.679264
0.680384
0.677888
0.679168
0.680928
0.679936
0.681888
0.679936
0.677728
0.681984
0.677888
0.677888
0.678464
0.679968
0.677888
0.677888
0.677504
0.67952
0.678688
0.679936
0.679936
0.679808
0.677888
0.680928
0.677632
0.679456
0.677664
0.681984
0.679936
0.68128
0.679552
0.679648
0.68112
0.677888
0.677888
0.679936
0.6792
0.679936
0.677888
0.681536
0.677888
0.68144
0.679904
0.67888
0.677888
0.679008
0.677888
0.679456
0.677568
0.679776
0.679936
0.680512
0.679936
0.68096
0.682176
0.677888
0.6792
0.681984
0.679264
0.679392
0.677888
0.679936
0.679936
0.681568
0.679136
0.677888
0.679168
0.677888
0.677888
0.680704
0.677888
0.676544
0.676832
0.677888
0.677344
0.679232
0.680224
0.677888
0.679936
0.677536
0.68304
0.679488
0.677664
0.677888
0.679936
0.677888
0.681024
0.679008
0.683136
0.679648
0.677248
0.679008
0.678624
0.680064
0.679168
0.68192
0.679936
0.678176
0.679936
0.679392
0.679936
0.679168
0.679776
0.678208
0.679168
0.679232
0.679552
0.679936
0.679936
0.679136
0.67584
0.731168
0.730944
0.733728
0.731776
0.731776
0.72704
0.725696
0.731136
0.731648
0.729504
0.729568
0.728768
0.731616
0.731008
0.730784
0.729344
0.733472
0.730848
0.732384
0.73152
0.731808
0.72944
0.731136
0.729728
0.731072
0.731584
0.729088
0.722944
0.722464
0.721696
0.721696
0.72448
0.722688
0.723264
0.72336
0.723552
0.72416
0.726816
0.722944
0.724896
0.725632
0.721472
0.72336
0.722944
0.723456
0.724832
0.722208
0.723328
0.72688
0.725184
0.7224
0.7216
0.723328
0.725024
0.724224
0.722944
0.723136
0.72672
0.72352
0.722944
0.724608
0.724384
0.728704
0.7352
0.735456
0.737312
0.733536
0.733696
0.735232
0.734304
0.733536
0.735392
0.736768
0.735168
0.738496
0.735136
0.73504
0.735552
0.733472
0.735232
0.733408
0.73504
0.735456
0.733696
0.737056
0.73152
0.735488
0.736832
0.735232
0.737664
0.735392
0.737472
0.735424
0.736896
0.73728
0.737568
0.73344
0.733536
0.7352
0.735168
0.736384
0.739168
0.725216
0.728928
0.727456
0.724992
0.726784
0.72752
0.72544
0.726592
0.728384
0.72656
0.72704
0.72704
0.727584
0.725248
0.730976
0.72688
0.725472
0.727872
0.726848
0.725472
0.725504
0.726784
0.725184
0.726784
0.725024
0.725472
0.726336
0.726656
0.727712
0.728864
0.725696
0.725248
0.725376
0.726944
0.725184
0.725632
0.728768
0.722592
0.729472
0.729632
0.729216
0.732544
0.73008
0.72864
0.731488
0.731616
0.730976
0.729696
0.729568
0.729088
0.731296
0.72896
0.729152
0.733088
0.730112
0.730912
0.7296
0.7312
0.732896
0.731456
0.732448
0.729216
0.734176
0.731136
0.731136
0.731136
0.731968
0.729088
0.731328
0.72976
0.72944
0.729408
0.7288
0.730496
0.73088
0.731424
0.723424
0.721536
0.72336
0.724896
0.725664
0.723488
0.721504
0.721728
0.723616
0.723008
0.723392
0.722816
0.722592
0.724544
0.72368
0.725056
0.725056
0.724096
0.7216
0.723712
0.7256
0.722784
0.725056
0.723648
0.724992
0.723392
0.723616
0.72304
0.723136
0.724032
0.7256
0.723744
0.723328
0.7216
0.721504
0.722944
0.723392
0.722624
0.718784
0.718944
0.719488
0.717312
0.722944
0.719712
0.7192
0.719168
0.718912
0.720896
0.720928
0.718848
0.719232
0.719488
0.720704
0.723296
0.719552
0.722496
0.719008
0.719008
0.721024
0.717568
0.720896
0.720992
0.71952
0.720896
0.720672
0.720736
0.720608
0.721696
0.722496
0.7208
0.720992
0.719136
0.720192
0.719104
0.720896
0.719616
0.719488
0.719584
0.719424
0.718432
0.724096
0.720896
0.720672
0.719168
0.720576
0.719264
0.715232
0.718848
0.721568
0.723488
0.7208
0.718816
0.718592
0.719296
0.720896
0.721472
0.71952
0.72
0.72208
0.720896
0.721376
0.719584
0.719328
0.719584
0.71952
0.720992
0.718848
0.71904
0.721568
0.721664
0.718848
0.71952
0.720896
0.72176
0.7176
0.719008
0.719264
0.721312
0.723136
0.721152
0.719584
0.721376
0.719456
0.717472
0.724224
0.722784
0.718944
0.721568
0.71744
0.717344
0.720352
0.720896
0.720896
0.721088
0.72032
0.719584
0.723424
0.722912
0.722944
0.719616
0.722496
0.71968
0.721568
0.719168
0.722528
0.720832
0.718528
0.719296
0.718944
0.719872
0.719232
0.7224
0.71872
0.71856
0.719392
0.719456
0.7168
0.722368
0.719488
0.7192
0.71968
0.71968
0.720896
0.720832
0.720672
0.720736
0.720992
0.721152
0.72032
0.720992
