1.56467
1.56467
1.59936
1.568
1.57082
1.56672
1.57491
1.57491
1.56243
1.59859
1.82381
1.56794
1.56794
1.56877
1.56467
1.56467
1.59661
1.83258
1.75693
1.56877
1.56262
1.56877
1.57002
1.59446
1.89818
1.7488
1.57082
1.57078
1.56877
1.57082
1.56819
1.82682
1.57229
1.568
1.56381
1.56474
1.56845
1.55853
1.81562
1.56634
1.56058
1.56262
1.56602
1.5656
1.56467
1.59712
1.56672
1.56877
1.56976
1.56768
1.56614
1.56608
1.59088
1.80838
1.57082
1.56467
1.56672
1.57018
1.56566
1.55965
1.6016
1.57862
1.56416
1.57232
1.56749
1.56672
1.56262
1.61088
1.56874
1.56467
1.57082
1.56406
1.56867
1.56877
1.56435
1.82042
1.57686
1.56429
1.56979
1.56672
1.56672
1.56877
1.60358
1.56877
1.56592
1.57382
1.5663
1.57082
1.5601
1.55994
1.57082
1.56579
1.56467
1.57082
1.56362
1.55946
1.73875
1.56342
1.56227
1.57254
1.57328
1.57219
1.56672
1.59875
1.83162
1.77562
1.56662
1.5721
1.56995
1.56467
1.59744
1.56672
1.5632
1.56262
1.56877
1.56624
1.56672
1.55984
1.82858
1.56771
1.564
1.56835
1.56653
1.56035
1.56621
1.56694
1.88982
1.75699
1.56877
1.57072
1.56413
1.56829
1.57149
1.75718
1.74163
1.56877
1.56467
1.56208
1.56262
1.84899
1.56266
1.56554
1.57059
1.56877
1.57286
1.57562
1.59872
1.81862
1.55821
1.57027
1.57245
1.57082
1.56374
1.59699
1.80224
1.56778
1.56835
1.56621
1.57901
1.56998
1.57286
1.57158
1.57088
1.56877
1.56672
1.56781
1.5641
1.55766
1.81181
1.57491
1.57286
1.56598
1.56467
1.56877
1.59917
1.81744
1.57504
1.56707
1.56666
1.56736
1.57411
1.75514
1.81795
1.57053
1.57296
1.57069
1.57066
1.56058
1.57283
1.57286
1.57232
1.56554
1.56058
1.56998
1.56608
1.81453
1.56848
1.57069
1.57606
1.56429
1.57194
1.56026
1.57082
1.5648
1.56442
1.56646
1.57082
1.57222
1.5913
1.56979
1.56214
1.56262
1.56432
1.57146
1.56467
1.82272
1.57878
1.56582
1.55987
1.56176
1.56195
1.58925
1.57286
1.56419
1.56058
1.56877
1.55853
1.5913
1.56666
1.56259
1.55853
1.57021
1.57082
1.76595
1.57216
1.57286
1.57286
1.57069
1.56467
1.58451
1.89155
1.7408
1.56666
1.56051
1.56445
1.59334
1.56262
1.56435
1.56877
1.56467
1.55843
1.58768
1.7431
1.56202
1.56406
1.5671
1.56598
1.56387
1.82506
1.57286
1.56234
1.56611
1.56058
1.56262
1.60026
1.57254
1.55853
1.57082
1.56701
1.57181
1.59123
1.75034
1.56374
1.57082
1.56829
1.57901
1.5728
1.56973
1.57619
1.76067
1.5729
1.56672
1.56992
1.56467
1.56237
1.60317
1.56912
1.56586
1.56672
1.56877
1.56518
1.56438
1.81862
1.57107
1.56262
1.56467
1.56634
1.56058
1.60902
1.56429
1.57082
1.56384
1.56458
1.55962
1.58925
1.75443
1.56211
1.57018
1.55933
1.56467
1.56058
1.80832
1.56563
1.56467
1.56058
1.56262
1.56262
1.59616
1.74883
1.57078
1.5665
1.55648
1.56355
1.55789
1.78755
1.57002
1.56262
1.56413
1.55648
1.74186
1.82886
1.57286
1.56416
1.56986
1.55622
1.58925
1.89648
1.74694
1.56826
1.57491
1.57696
1.56714
1.57286
1.56877
1.5681
1.57491
1.55853
1.56813
1.59341
1.80838
1.56461
1.5719
1.56403
1.56672
1.57283
1.59936
1.56707
1.56454
1.56656
1.56938
1.57286
1.56877
1.5903
1.75718
1.56467
1.56544
1.56672
1.5721
1.56173
1.59974
1.57638
1.56058
1.57254
1.5679
1.56877
1.56362
1.59744
1.56765
1.57014
1.5664
1.56262
1.57206
1.56323
1.58515
1.8473
1.56467
1.57251
1.57082
1.56262
1.5737
1.59114
1.56467
1.57008
1.56602
1.56861
1.56877
1.55987
1.59056
1.82243
1.56762
1.56672
1.56454
1.57056
1.5657
1.58608
1.56672
1.55987
1.57082
1.5656
1.56691
1.55923
1.5872
1.74845
1.55853
1.56672
1.57082
1.56509
1.56429
1.91469
1.56672
1.57235
1.56458
1.56262
1.56224
1.55853
1.56774
1.56058
1.56672
1.56618
1.57002
1.56877
1.81622
1.56877
1.57616
1.56643
1.57491
1.56877
1.5641
1.57082
1.75389
1.56502
1.56829
1.56858
1.57834
1.59456
1.56861
1.56198
1.56525
1.56672
1.5616
1.56672
1.59037
1.57472
1.56467
1.56237
1.5704
1.56806
1.55808
1.59744
1.56653
1.56058
1.56451
1.57286
1.56467
1.59744
1.56704
1.56086
1.56266
1.56851
1.56259
1.56467
1.82205
1.56467
1.56467
1.57677
1.56672
1.56582
1.5831
1.82339
1.55888
1.56435
1.56848
1.55648
1.56458
1.81658
1.56845
1.57082
1.56467
1.56467
1.56646
1.55443
1.5663
1.56547
1.55853
1.5728
1.5831
1.73258
1.56058
1.5663
1.56058
1.56058
1.56672
1.56586
1.59539
1.74966
1.57254
1.57277
1.56771
1.56445
1.57286
1.56877
1.81786
1.86163
1.57424
1.56877
1.57491
1.56835
1.57014
1.59744
1.58106
1.56877
1.56672
1.56854
1.56787
1.56803
1.59744
1.57414
1.57082
1.56653
1.57466
1.56058
1.57226
1.58925
1.82477
1.56659
1.56771
1.572
1.57024
1.56262
1.60563
1.81658
1.56672
1.56877
1.57482
1.56205
1.56467
1.56733
1.81418
1.56573
1.56672
1.56931
1.57002
1.56288
1.59539
1.74173
1.56877
1.57286
1.57491
1.56672
1.55981
1.6008
1.57434
1.57082
1.56368
1.56672
1.56653
1.56864
1.58701
1.82426
1.7449
1.57421
1.57082
1.55853
1.57664
1.57738
1.83011
1.57046
1.56618
1.5696
1.57344
1.57002
1.5632
1.90957
1.5647
1.57491
1.56589
1.56848
1.56262
1.57066
1.57491
1.56906
1.55853
1.57286
1.55853
1.56467
1.596
1.8872
1.85498
1.57059
1.56672
1.56618
1.57059
1.58995
1.81837
1.57514
1.57174
1.56672
1.56877
1.57027
1.57213
1.81248
1.7553
1.56
1.56467
1.56058
1.57203
1.57027
1.59683
1.56858
1.56877
1.56467
1.56746
1.57459
1.56467
1.59744
1.7552
1.56842
1.57491
1.57075
1.5657
1.56342
1.60352
1.82272
1.57286
1.56666
1.56672
1.56058
1.55648
1.59949
1.56467
1.56765
1.56672
1.57082
1.57491
1.56038
1.72218
1.7488
1.56262
1.5639
1.56774
1.56262
1.57082
1.59875
1.82682
1.75309
1.56803
1.56976
1.5665
1.57286
1.58102
1.84224
1.56397
1.56262
1.56672
1.56624
1.57398
1.56467
1.60317
1.56861
1.56451
1.57082
1.56672
1.56307
1.57082
1.60442
1.74954
1.56672
1.56672
1.57082
1.56877
1.57245
1.56467
1.81984
1.57533
1.56262
1.5769
1.56672
1.56499
1.55747
1.7304
1.57491
1.57491
1.57021
1.56854
1.57491
1.56045
1.7391
1.76019
1.5639
1.5825
1.56803
1.57197
1.56058
1.60534
1.89645
1.74371
1.57082
1.58045
1.56861
1.56262
1.83706
1.57408
1.57082
1.57418
1.56672
1.56467
1.55853
1.59744
1.57488
1.56877
1.56646
1.57018
1.56262
1.56634
1.58925
1.75309
1.56467
1.57491
1.56
1.56829
1.56058
1.74826
1.57286
1.56672
1.57258
1.56362
1.56128
1.56538
1.60048
1.83088
1.76157
1.57491
1.57286
1.5705
1.56262
1.57491
1.83296
1.56605
1.57238
1.57491
1.564
1.56672
1.59917
1.81766
1.57082
1.56874
1.57066
1.58106
1.56672
1.56672
1.57696
1.56902
1.56141
1.56573
1.56838
1.56877
1.5743
1.60518
1.7521
1.56848
1.5703
1.56877
1.564
1.56467
1.59264
1.82067
1.57491
1.57251
1.56797
1.56672
1.57082
1.57171
1.80224
1.5688
1.56246
1.57082
1.56467
1.56877
1.56262
1.59155
1.57082
1.56672
1.57139
1.57392
1.56262
1.56672
1.60723
1.56464
1.5663
1.57184
1.56774
1.57286
1.56672
1.57728
1.56467
1.76742
1.57286
1.56672
1.56797
1.56794
1.5649
1.86544
1.76106
1.75104
1.56262
1.56752
1.5608
1.60029
1.75485
1.56688
1.5663
1.57363
1.56419
1.56835
1.58925
1.57776
1.56877
1.57574
1.5601
1.56672
1.57014
1.59949
1.84093
1.7449
1.56877
1.57082
1.57901
1.568
1.57664
1.81238
1.57229
1.56467
1.57219
1.57011
1.56957
1.56051
1.59043
1.56701
1.56262
1.57696
1.56877
1.56672
1.56384
1.60973
1.56656
1.57082
1.55923
1.57478
1.5617
1.56512
1.59539
1.83613
1.57866
1.57286
1.57261
1.57046
1.56464
1.56512
1.81248
1.56672
1.57082
1.57046
1.57062
1.56774
1.58246
1.59875
1.5641
1.56576
1.56166
1.56672
1.56877
1.56467
1.59718
1.74176
1.56778
1.57082
1.56842
1.5768
1.56845
1.56842
1.82067
1.56858
1.56541
1.57011
1.56442
1.57808
1.55782
1.83706
1.57286
1.56262
1.56262
1.57213
1.56877
1.57062
1.60998
1.56662
1.56877
1.57286
1.56358
1.57206
1.56058
1.93376
1.56787
1.56877
1.57082
1.56646
1.57184
1.56467
1.56458
1.75923
1.75232
1.56982
1.57286
1.57696
1.59949
1.82477
1.56426
1.56877
1.56387
1.56672
1.57459
1.59949
1.7529
1.56374
1.56554
1.5704
1.56467
1.56605
1.5983
1.56877
1.57274
1.57002
1.5687
1.57101
1.56467
1.60154
1.83491
1.5704
1.5831
1.57261
1.56672
1.572
1.5623
1.80838
1.57475
1.56864
1.56877
1.57226
1.5712
1.56877
1.59949
1.75322
1.57082
1.56672
1.56672
1.57126
1.56576
1.60368
1.57082
1.56134
1.57331
1.56765
1.57453
1.56877
1.60349
1.83238
1.56672
1.57286
1.56672
1.57059
1.56467
1.60154
1.8184
1.55853
1.56832
1.56467
1.57075
1.57024
1.56877
1.82682
1.56618
1.57082
1.5663
1.56198
1.57414
1.59117
1.79706
1.5665
1.56672
1.56435
