0.691264
0.694144
0.710656
0.695072
0.693856
0.695328
0.69056
0.693952
0.691232
0.693536
0.692224
0.696256
0.694272
0.693792
0.692672
0.694048
0.692224
0.692736
0.694208
0.694208
0.692224
0.692224
0.690944
0.692
0.692224
0.7168
0.696576
0.692224
0.693408
0.693376
0.693696
0.69616
0.692224
0.697088
0.6968
0.692896
0.69632
0.693696
0.691392
0.695424
0.693984
0.694144
0.690176
0.695616
0.695424
0.691328
0.690592
0.691712
0.697152
0.690816
0.694272
0.692224
0.690176
0.69504
0.693888
0.693568
0.690656
0.694272
0.694272
0.694016
0.692192
0.694208
0.690016
0.693248
0.692224
0.696128
0.707104
0.695168
0.690176
0.692064
0.691392
0.691648
0.693376
0.69408
0.694272
0.692
0.69376
0.694272
0.690624
0.693344
0.694272
0.694272
0.693056
0.692224
0.692224
0.692224
0.693696
0.693504
0.692224
0.694272
0.692224
0.691488
0.692224
0.694272
0.692224
0.692032
0.693184
0.692192
0.690816
0.692224
0.692224
0.694272
0.692544
0.69328
0.69888
0.692672
0.692224
0.692672
0.69216
0.694656
0.692224
0.693056
0.690176
0.692224
0.690976
0.694272
0.693248
0.694272
0.691296
0.70016
0.692224
0.695616
0.6928
0.692896
0.69424
0.694016
0.694272
0.694272
0.6936
0.69152
0.693344
0.692224
0.692224
0.69376
0.691072
0.693536
0.690656
0.694048
0.692224
0.711232
0.69632
0.692224
0.692224
0.695808
0.692608
0.694272
0.69632
0.697248
0.692928
0.695296
0.692224
0.692992
0.693728
0.692448
0.69392
0.697056
0.6944
0.693632
0.690176
0.693248
0.692
0.692
0.692864
0.693536
0.691936
0.692896
0.691232
0.69568
0.691712
0.69888
0.687744
0.693856
0.692224
0.695424
0.692224
0.692224
0.693088
0.693888
0.692064
0.696
0.692224
0.692096
0.70656
0.690176
0.696
0.694496
0.692224
0.692224
0.694272
0.692224
0.694272
0.694496
0.694272
0.693952
0.691776
0.692992
0.690176
0.713472
0.69712
0.692992
0.691936
0.693248
0.694272
0.694304
0.69408
0.69504
0.692224
0.694272
0.692224
0.692224
0.692224
0.695712
0.694272
0.694848
0.690176
0.691744
0.692608
0.692224
0.690176
0.694272
0.693056
0.694272
0.692224
0.694272
0.695648
0.694272
0.691872
0.692608
0.691712
0.696096
0.692224
0.693504
0.692224
0.693248
0.690944
0.694272
0.692224
0.692224
0.69344
0.69344
0.692224
0.696384
0.692928
0.692064
0.692224
0.692224
0.69552
0.694272
0.710432
0.694624
0.692672
0.692224
0.69216
0.693792
0.692224
0.694272
0.69424
0.697344
0.694272
0.695712
0.692224
0.693312
0.694752
0.696608
0.692768
0.694272
0.692992
0.69552
0.692224
0.695872
0.692768
0.718208
0.696288
0.692224
0.692224
0.692224
0.692064
0.692224
0.69088
0.694176
0.693184
0.69152
0.690176
0.693696
0.690976
0.691712
0.692352
0.693888
0.693536
0.69632
0.692032
0.692224
0.692832
0.697024
0.693344
0.69632
0.694912
0.692224
0.690464
0.694272
0.690976
0.694944
0.692992
0.695328
0.690944
0.695328
0.691712
0.694272
0.712128
0.69632
0.691936
0.692576
0.694272
0.694272
0.690176
0.692224
0.692224
0.695264
0.691712
0.6936
0.693376
0.692992
0.71184
0.692896
0.691968
0.694272
0.692224
0.694176
0.690496
0.692576
0.694592
0.695104
0.694624
0.692224
0.694272
0.690176
0.692096
0.694272
0.69664
0.69632
0.692224
0.694176
0.69344
0.69328
0.708576
0.696544
0.692224
0.694272
0.693952
0.692224
0.694272
0.690592
0.691744
0.696448
0.691744
0.694528
0.695104
0.69168
0.69424
0.714592
0.696128
0.693472
0.694016
0.692224
0.692864
0.692832
0.691552
0.694112
0.6944
0.694496
0.695392
0.69216
0.691776
0.692096
0.692224
0.696032
0.693664
0.69632
0.691776
0.6912
0.695616
0.694272
0.712704
0.698176
0.694272
0.694272
0.691776
0.695616
0.694272
0.692224
0.696736
0.693856
0.692192
0.693312
0.69216
0.690592
0.69408
0.69616
0.6912
0.694272
0.69136
0.691904
0.692224
0.692928
0.690176
0.690176
0.692
0.690528
0.69184
0.69632
0.694272
0.694944
0.691552
0.694272
0.692224
0.692224
0.694784
0.69472
0.691456
0.694176
0.693536
0.692032
0.696032
0.692224
0.691904
0.712512
0.692736
0.69328
0.690176
0.690176
0.692384
0.693888
0.69344
0.693376
0.697184
0.6912
0.691776
0.69408
0.690176
0.694272
0.713088
0.698656
0.69216
0.692928
0.694816
0.694272
0.692224
0.696224
0.694112
0.694112
0.694272
0.694272
0.692128
0.693728
0.691904
0.712704
0.692736
0.693728
0.690176
0.694272
0.692704
0.694272
0.692224
0.693056
0.697856
0.69632
0.693664
0.69392
0.692224
0.693536
0.69296
0.694464
0.69216
0.69632
0.694272
0.692
0.694272
0.712288
0.695744
0.694272
0.69536
0.69568
0.693568
0.694112
0.694272
0.690176
0.695104
0.692224
0.690688
0.694048
0.692224
0.694112
0.691392
0.696864
0.692224
0.694048
0.690176
0.692224
0.708544
0.6928
0.692224
0.691584
0.690176
0.69424
0.692224
0.695008
0.696064
0.69632
0.69152
0.694272
0.694272
0.693344
0.694208
0.695456
0.695008
0.692224
0.691808
0.692576
0.691264
0.712608
0.693056
0.69632
0.69616
0.694272
0.693856
0.695904
0.692384
0.694272
0.69072
0.693824
0.695616
0.696288
0.692224
0.695616
0.71136
0.694528
0.693856
0.697504
0.696256
0.692224
0.695328
0.691456
0.692128
0.694976
0.690176
0.693984
0.692224
0.69296
0.69376
0.707232
0.69728
0.694144
0.693376
0.692192
0.692224
0.694272
0.693952
0.694176
0.695104
0.692224
0.69168
0.692224
0.690176
0.692224
0.693376
0.696608
0.691296
0.694272
0.691872
0.692224
0.690656
0.69168
0.692192
0.699136
0.692544
0.69344
0.691264
0.6936
0.692224
0.694528
0.696448
0.698368
0.69168
0.694784
0.69216
0.692608
0.693248
0.693312
0.694624
0.692224
0.690176
0.693312
0.693728
0.694272
0.69216
0.693248
0.690976
0.69456
0.692224
0.694016
0.694272
0.694208
0.693984
0.694272
0.69216
0.695584
0.690176
0.692224
0.691744
0.694464
0.690176
0.692224
0.69168
0.692384
0.691552
0.69504
0.69328
0.694272
0.692096
0.697088
0.695328
0.69376
0.708416
0.695328
0.69408
0.690816
0.692224
0.69424
0.691488
0.691264
0.692224
0.696832
0.6912
0.695776
0.690176
0.694272
0.692544
0.711744
0.692992
0.69552
0.694016
0.694272
0.69088
0.695712
0.714688
0.697248
0.69376
0.692768
0.694048
0.69296
0.692224
0.69376
0.6952
0.697728
0.69392
0.694272
0.693408
0.692224
0.692096
0.712544
0.696352
0.694272
0.691776
0.695936
0.692224
0.692864
0.691808
0.692224
0.694272
0.692224
0.694464
0.695712
0.692224
0.693696
0.690176
0.697184
0.694272
0.694272
0.692032
0.694272
0.694272
0.692224
0.696256
0.695392
0.694272
0.690176
0.69392
0.694272
0.70992
0.693792
0.692224
0.697472
0.693664
0.694272
0.693024
0.695488
0.694272
0.692224
0.692224
0.693376
0.692224
0.694176
0.692704
0.698208
0.698656
0.694048
0.694272
0.690176
0.694272
0.692576
0.691552
0.697984
0.693984
0.692224
0.692032
0.694144
0.694272
0.694272
0.695904
0.695264
0.692224
0.690176
0.694272
0.694272
0.691328
0.694848
0.694336
0.690848
0.692768
0.694272
0.69168
0.693664
0.693248
0.694688
0.693152
0.695008
0.693632
0.694272
0.692224
0.69168
0.69504
0.692192
0.692576
0.69328
0.694272
0.69632
0.694112
0.694272
0.693216
0.694528
0.693472
0.692224
0.694272
0.694272
0.695616
0.695136
0.69216
0.694272
0.696096
0.694272
0.692224
0.692896
0.694016
0.694432
0.694016
0.694272
0.692224
0.692224
0.692224
0.71408
0.693408
0.692224
0.692224
0.693344
0.693664
0.69584
0.716
0.697184
0.692224
0.693696
0.693632
0.692224
0.690176
0.69296
0.692992
0.69632
0.690432
0.691584
0.692224
0.695904
0.693888
0.69632
0.69392
0.697376
0.695872
0.692224
0.693728
0.692224
0.716128
0.695104
0.691232
0.69552
0.690176
0.69328
0.691456
0.69344
0.69552
0.695232
0.694272
0.693344
0.692608
0.694272
0.694016
0.710656
0.696352
0.692544
0.69056
0.697408
0.690176
0.692224
0.690176
0.694944
0.694848
0.69632
0.692224
0.69632
0.693568
0.690176
0.71664
0.696192
0.69168
0.693344
0.692224
0.694272
0.6912
0.692256
0.692224
0.692992
0.692224
0.692736
0.692224
0.692224
0.692544
0.694368
0.694592
0.697696
0.693856
0.694272
0.692224
0.693728
0.692544
0.694272
0.691072
0.692224
0.692096
0.693248
0.69536
0.693312
0.692224
0.695264
0.692224
0.692224
0.690912
0.69424
0.69632
0.692224
0.694432
0.691872
0.691808
0.692224
0.694272
0.696064
0.690656
0.698368
0.692224
0.694272
0.693664
0.694176
0.692896
0.709568
0.695072
0.692224
0.692224
0.692224
0.693984
0.694016
0.690176
0.698944
0.693088
0.692224
0.690656
0.694272
0.694272
0.694144
0.697568
0.698368
0.691584
0.693984
0.691776
0.692224
0.691968
0.716288
0.694944
0.694272
0.690944
0.694208
0.691648
0.693984
0.692832
0.692224
0.6952
0.692608
0.692224
0.694272
0.693024
0.693792
0.693888
0.69312
0.692224
0.693408
0.690016
0.693344
0.690176
0.696992
0.6944
0.690176
0.69392
0.696
0.694272
0.694976
0.690528
0.695104
0.690176
0.694272
0.692224
0.694304
0.692224
0.695456
0.69632
0.692224
0.692704
0.69632
0.692224
0.692224
0.696032
0.692224
0.689376
0.693472
0.690176
0.694528
0.692224
0.693408
0.692768
0.698368
0.693952
0.693568
0.692224
0.692224
0.692256
0.695136
0.695392
0.695424
0.693248
0.694272
0.694272
0.692352
0.694464
0.694272
0.69344
0.69632
0.693248
0.692224
0.711456
0.695712
0.694272
0.694272
0.692224
0.692128
0.692608
0.694272
0.691488
0.694272
0.694272
0.695424
0.6912
0.692576
0.697696
0.714752
0.693248
0.691648
0.693728
0.692224
0.690176
0.693664
0.690176
0.692224
0.696128
0.695392
0.695488
0.694688
