DICE-NO-SHADOW
0.990752
1.00038
0.998784
0.999424
0.99488
0.992768
0.99712
1.25862
0.995392
0.990336
0.99328
0.99328
0.987136
0.994304
0.992032
0.99216
0.995008
0.991232
0.991232
0.997376
1.25123
0.999104
1.00138
0.99328
0.997344
0.993888
0.998528
0.991648
0.989184
0.996896
0.992096
0.992512
0.989184
1.25837
0.995328
1.00384
0.997376
0.988608
0.995328
0.995328
0.999424
0.989632
0.992416
0.99056
0.986688
0.996704
1.18886
0.99328
0.991232
0.985088
0.990176
0.999424
0.980128
0.995328
0.985088
0.983456
0.995328
0.993312
1.18989
1.00147
0.991232
0.991232
0.99456
0.9984
1.25923
1.00118
0.995744
0.990592
0.989184
0.996288
0.99424
0.991232
0.999872
0.991232
0.995328
0.991232
0.995328
1.16547
1.00147
0.995328
0.99328
0.997472
0.99824
1.0032
0.995328
1.00147
0.989184
0.99136
1.00051
0.999008
1.17091
1.00438
0.994912
0.99328
0.99328
0.991232
0.997376
0.999424
1.00147
0.995296
0.99584
0.995328
0.985888
1.18205
0.994848
0.99328
1.00147
0.998944
0.992096
0.995328
0.998336
1.00134
0.991232
0.995104
0.995328
0.986656
1.19626
0.988576
0.991232
1.00131
0.99328
0.992256
0.998048
1.00147
1.00451
0.989184
0.98304
0.989184
0.987136
0.991136
0.995328
0.996608
0.996384
0.993824
0.987808
0.980672
1.00086
0.99296
0.987136
0.995328
0.99328
1.25542
0.989184
1.00125
0.99408
0.99328
0.996192
0.995456
0.998912
1.00147
0.9864
1.00147
0.99552
0.992608
1.18253
1.00845
0.9888
0.993088
0.9952
0.994368
1.00762
1.00086
0.997312
0.995328
0.997376
0.996352
0.992224
1.23402
0.987712
0.992224
0.99328
0.994944
0.991232
0.995328
0.98928
0.999424
0.99328
0.996736
0.99696
0.991232
1.16797
0.997376
0.994112
0.991232
0.99328
1.00544
1.00237
0.997376
1.00272
0.991136
0.991008
0.99328
0.99328
1.1817
0.996864
0.998336
0.994464
0.995328
0.989184
1.14371
0.993312
1.00278
0.989184
0.997376
0.98304
0.991232
0.994144
0.999136
0.990208
0.994976
0.99328
0.988064
0.992224
0.998688
0.996512
0.98304
0.985024
1.1305
0.991168
1.00147
0.99328
0.986272
0.990848
1.14816
1.1679
1.00467
0.99328
0.991232
0.990208
0.996448
1.16934
0.993024
0.99856
0.98304
0.985824
1.1264
0.990464
1.00966
0.99328
0.996928
0.987136
1.1489
1.1745
1.00326
0.986944
0.990816
0.99328
0.99328
1.17475
0.999552
0.9904
0.998272
0.99328
0.991072
0.98928
0.997216
0.991232
0.989184
0.991232
0.990752
0.993024
0.999936
0.99328
0.9928
0.989184
0.994912
0.9936
0.997376
0.991264
0.99328
0.982624
1.00147
0.985056
0.995328
0.988992
0.990208
0.99056
0.997376
0.98304
1.00867
0.98608
0.98816
0.986944
1.15952
0.995328
0.991008
0.991104
0.989056
0.978944
0.99216
0.989184
0.99328
0.987136
1.12435
0.996896
0.994496
0.996768
0.998592
0.985088
1.13837
1.16941
0.99904
0.985088
0.994496
0.985088
1.15098
1.16419
1.00147
0.987136
0.989376
0.991808
1.00102
0.998912
0.99328
0.99328
0.988864
0.987136
0.99328
1.18835
0.991104
1.0023
0.984256
0.9904
0.99024
1.2287
0.991456
1.00272
0.99232
0.991168
0.987136
1.00352
0.99968
1.00118
0.992672
0.983936
0.999424
0.988544
1.18672
0.999424
0.994432
0.988064
0.997248
0.995328
1.25859
0.99568
0.999168
0.995328
0.992288
1.00352
1.15302
0.995072
0.989184
0.99328
0.999424
0.999328
0.989184
0.985088
0.981824
0.98864
0.997216
0.991232
1.12438
0.989184
0.991136
0.995872
0.994528
0.98816
0.989184
1.25747
1.0049
0.993056
0.989184
0.989184
0.99328
1.24579
0.99728
1.00301
0.991072
0.992832
0.990304
0.992448
1.00147
0.992608
0.995328
0.990688
0.989184
0.99328
1.16771
0.991616
0.999424
0.992256
0.99328
0.99456
1.25894
0.996896
0.99472
0.995328
0.994976
0.985088
1.23085
1.00147
1.00643
0.989184
0.989184
1.00352
1.00003
0.999552
0.99328
0.992576
0.993024
0.9976
0.995328
0.996608
0.991232
0.988832
0.992256
0.99328
0.99328
1.25293
1.00762
0.98624
0.987136
0.99328
0.997024
1.15098
0.998176
0.991232
0.995008
0.992704
0.992576
0.994624
1.25968
1.00093
0.989184
0.99328
0.98592
1.12435
1.17958
0.987584
0.993024
0.994592
0.994496
0.988896
1.26598
0.991264
0.997376
0.997376
0.996832
0.991232
0.995328
0.993216
0.989184
1.00307
0.997376
0.994304
0.998816
1.25542
0.999744
0.999424
0.99696
0.988736
0.99568
0.983616
1.00262
0.997376
0.991744
0.99328
0.991232
0.986656
1.1735
0.997056
0.985888
0.995328
0.995392
0.995648
0.987136
0.990944
0.994976
0.98976
0.989184
0.98912
1.18179
0.991136
0.992448
0.990208
0.987136
1.11821
0.99712
0.985088
0.992448
0.988672
0.997376
0.999904
0.994144
0.997376
0.988256
0.985088
0.992256
1.24438
0.99696
0.99712
0.990336
0.989184
0.99344
1.23872
0.994432
0.991968
0.98304
0.991232
1.14586
0.990048
0.99104
0.995328
0.992832
0.992832
1.12435
1.17443
0.992832
0.993984
0.995328
0.991072
1.14211
0.989184
0.992672
0.985088
0.985088
0.987136
0.99328
1.18064
1.0015
0.994496
0.99328
0.988928
1.25248
0.992288
0.988096
0.99328
0.99328
0.995328
1.00077
0.993376
1.0031
0.988448
0.9912
0.987008
1.24598
0.985856
1.00323
0.987904
0.992032
0.987136
1.24506
0.993248
0.987136
0.989184
0.995328
0.990816
0.992128
0.995328
0.988608
0.989984
0.99328
0.999424
0.991232
0.995328
0.991232
0.989184
0.995328
1.24109
0.990912
0.98832
0.995008
0.98304
0.987136
0.977536
0.989184
0.990304
0.989184
0.987136
1.24723
0.996704
0.997504
0.979968
0.990112
0.991264
1.25491
0.994848
0.99328
0.994976
0.988512
1.1424
0.995296
0.989184
0.991232
0.988928
0.991232
1.14278
0.996768
0.988256
0.989184
0.991232
0.985088
1.24589
0.997376
0.989952
0.994976
0.992512
0.99328
1.27674
0.997376
0.98448
0.990688
0.989376
0.990816
1.27114
0.99328
0.991232
0.994816
0.98624
0.989184
0.992512
0.98592
0.989056
0.985952
0.986816
1.25072
0.990208
1.00352
0.995328
0.998304
0.984256
1.00458
0.9896
0.991232
0.982784
0.991232
0.99328
1.23629
0.990336
0.99664
0.991232
0.99328
0.987104
1.25232
0.99328
0.992928
0.99024
0.99456
0.984288
0.989184
0.986784
0.997376
0.993568
0.99296
0.993152
0.9952
1.00342
0.987136
0.99328
0.993344
1.26099
0.997376
0.994944
0.993024
0.993248
0.988544
1.2488
0.9968
0.992416
0.981472
0.991232
0.9984
0.991232
0.988288
0.98896
0.993152
0.995328
1.00147
0.991072
0.998496
0.982272
0.989024
0.990752
1.17302
0.997248
0.978944
0.976896
0.99328
1.16922
0.989184
0.989632
0.985056
0.99328
1.14694
0.991232
0.987136
0.992512
0.988128
0.987808
1.13693
1.17251
0.989632
0.98928
0.995136
0.991232
1.14688
0.994976
0.989248
0.997344
0.992448
0.990208
0.994912
0.982016
0.986016
0.990336
0.995328
0.98848
0.995328
0.987136
0.986176
0.985088
0.99328
0.992992
1.24314
0.986752
0.994688
0.997024
0.991232
0.991232
1.23216
0.997792
1.00122
0.99328
0.995328
0.990208
1.25677
0.996928
0.992256
0.990848
0.992448
0.991232
1.00195
1.00384
0.991232
0.990144
0.988864
0.989824
0.995328
1.18682
0.99376
0.992736
0.992896
0.98304
0.990208
1.23837
1.00131
0.9984
0.997376
0.99328
0.995328
0.99392
0.999424
0.991232
1.00762
0.991168
0.99328
0.989184
1.24109
0.99936
0.989632
0.985152
0.99184
0.995328
0.99632
1.1735
0.99328
0.99328
0.992128
0.988896
0.99616
1.24352
0.999552
0.990848
0.994848
0.997376
0.997376
0.9896
1.25853
0.991232
0.986528
0.99136
0.989184
0.994304
1.24314
0.993568
0.995328
0.98832
0.98608
0.990976
1.25098
0.992896
0.997376
0.987136
0.993024
1.12352
1.28422
0.995328
1.00147
0.991584
0.995328
0.989184
1.26317
0.99696
0.99328
0.989184
0.997376
0.99328
0.999424
0.993312
0.993888
0.997376
0.992224
0.988256
0.987008
1.18326
0.997376
1.00134
0.9912
0.989184
1.00326
0.99968
1.00557
0.996832
0.994496
0.99328
0.984224
0.990368
1.18477
0.99328
1.00666
0.99408
0.997632
0.985088
1.25338
0.996864
0.998784
0.99632
0.989632
0.999168
0.995328
1.17709
0.996
1.00762
0.991584
0.99328
0.998176
1.24928
0.999616
0.996672
0.9928
0.997376
0.998752
1.00557
1.18051
0.998816
1.00147
0.98416
0.991232
0.986368
1.17245
0.99328
1.00624
0.98464
0.988128
1.12963
0.997376
0.987456
0.989184
0.996992
0.996288
1.13757
1.19078
0.985408
1.00147
0.99328
0.991232
0.994976
1.00032
0.997376
0.998016
0.99328
0.987136
0.98864
1.18989
0.984608
0.991232
0.986112
0.99024
0.989184
1.24608
0.994848
0.986656
0.995328
0.99328
0.985056
1.17146
0.986144
0.983936
0.985088
0.99328
1.2521
0.993216
0.985088
0.984864
0.987136
0.989184
1.23824
0.996992
0.990144
0.99328
0.991232
0.989184
1.2407
0.99328
0.997376
0.994592
0.985088
0.993216
1.23597
0.994016
1.00963
0.990208
0.989184
0.997376
1.26566
1.00077
0.9992
0.98944
0.988096
0.989952
1.18106
0.997376
0.984608
0.989184
0.987136
0.991232
1.25178
0.994304
1.00762
0.992992
0.976896
1.12614
1.16736
0.996832
0.988128
0.989184
0.991232
1.24752
0.999424
0.984672
0.980992
0.990496
0.98816
1.3391
0.994784
0.992544
0.99056
0.990432
1.12307
1.18115
0.994208
1.00336
0.990592
0.997376
0.989184
1.25952
0.991808
0.996288
0.995328
0.991552
0.99344
1.25952
0.999392
0.987136
0.990528
0.994368
0.991232
0.995328
0.99552
0.997344
0.99968
0.989184
0.991232
0.99536
1.26125
1.00416
0.991136
0.995552
0.99328
0.990624
