2.1648
2.16221
2.17702
2.17702
2.16269
2.33267
2.42038
2.3593
2.19136
2.16026
2.15654
2.17859
2.41664
2.18618
2.18797
2.16426
2.15965
2.18256
2.53133
2.3479
2.3368
2.16854
2.15827
2.17619
2.31334
2.32211
2.18931
2.17293
2.16474
2.17277
2.33677
2.34685
2.33677
2.17354
2.15875
2.1655
2.31139
2.34086
2.33658
2.19344
2.14854
2.17702
2.17907
2.44122
2.33197
2.20778
2.16032
2.17744
2.16064
2.43757
2.15347
2.16352
2.16064
2.16474
2.1583
2.19907
2.3415
2.34598
2.15654
2.16634
2.15296
2.18726
2.39091
2.17066
2.1551
2.16883
2.16064
2.16474
2.42589
2.16848
2.16474
2.16064
2.15558
2.16813
2.50416
2.3439
2.14582
2.18435
2.14835
2.1671
2.33062
2.43238
2.33568
2.17088
2.15562
2.16064
2.33677
2.48963
2.34234
2.17907
2.14403
2.17328
2.18707
2.47226
2.33942
2.1688
2.15971
2.17293
2.15971
2.49462
2.33062
2.17277
2.15997
2.17088
2.15088
2.33075
2.41792
2.34429
2.16064
2.16019
2.16064
2.15802
2.47837
2.35034
2.16678
2.17504
2.15302
2.15936
2.32752
2.42691
2.34189
2.16979
2.15805
2.17968
2.15245
2.4105
2.34701
2.15654
2.17293
2.16474
2.15971
2.34906
2.40221
2.17552
2.18019
2.16838
2.15859
2.17693
2.5129
2.16982
2.15859
2.17734
2.15654
2.17293
2.18726
2.44736
2.36848
2.17718
2.14566
2.16678
2.15658
2.52429
2.15402
2.16474
2.16435
2.16883
2.16064
2.17587
2.4656
2.36275
2.16835
2.17498
2.15654
2.16269
2.18726
2.40845
2.33773
2.1655
2.15626
2.16883
2.15859
2.45302
2.33869
2.16614
2.16883
2.17309
2.15552
2.34291
2.32986
2.1671
2.16278
2.17424
2.16269
2.16582
2.33629
2.49555
2.34093
2.18112
2.15821
2.17293
2.17293
2.45501
2.33478
2.17069
2.1545
2.17539
2.15376
2.4513
2.33062
2.16963
2.16957
2.16614
2.1591
2.19136
2.3953
2.34906
2.1481
2.16672
2.15747
2.16426
2.44381
2.34496
2.15037
2.18714
2.14835
2.16678
2.32243
2.41254
2.15853
2.16986
2.15632
2.16877
2.15142
2.33267
2.33603
2.34906
2.17088
2.17312
2.1576
2.32192
2.38755
2.16934
2.1545
2.17232
2.16822
2.16608
2.53747
2.3528
2.15558
2.17917
2.15059
2.16918
2.32243
2.4105
2.34682
2.1791
2.15859
2.16976
2.16237
2.53488
2.33203
2.17293
2.16678
2.17293
2.16269
2.17501
2.3328
2.17699
2.15245
2.18726
2.15171
2.17405
2.44662
2.34858
2.15488
2.17718
2.15859
2.16941
2.16474
2.44531
2.3368
2.17043
2.16474
2.17088
2.16362
2.34582
2.41923
2.34202
2.16474
2.16269
2.16384
2.16474
2.33062
2.35366
2.3448
2.17712
2.16064
2.16435
2.33677
2.35315
2.33229
2.17686
2.14237
2.16064
2.50061
2.34086
2.14192
2.18112
2.15235
2.16986
2.16854
2.4393
2.35526
2.16678
2.17248
2.16563
2.15792
2.51904
2.36134
2.35837
2.16189
2.18298
2.16064
2.1881
2.41795
2.3456
2.15882
2.17805
2.16064
2.17293
2.51651
2.36381
2.33459
2.18528
2.15645
2.17395
2.17907
2.4135
2.16262
2.17187
2.17021
2.17466
2.15363
2.52848
2.344
2.36298
2.15654
2.15834
2.16678
2.17293
2.42074
2.35248
2.13811
2.17498
2.16064
2.17594
2.18822
2.40029
2.35091
2.16883
2.15459
2.17002
2.15805
2.44934
2.33882
2.16678
2.15811
2.17088
2.14835
2.19459
2.40435
2.35901
2.15245
2.17325
2.14982
2.16678
2.18112
2.35242
2.15248
2.17709
2.14835
2.17008
2.17267
2.35197
2.33235
2.16691
2.1545
2.17437
2.15466
2.30698
2.33062
2.1793
2.15859
2.16883
2.15859
2.5641
2.33677
2.3552
2.16285
2.17088
2.15654
2.19539
2.34525
2.36115
2.1577
2.17261
2.16374
2.2016
2.39789
2.35472
2.152
2.17907
2.16269
2.16438
2.44285
2.35792
2.14835
2.17907
2.15146
2.16883
2.16035
2.40842
2.32141
2.16474
2.15843
2.17088
2.14618
2.20266
2.4023
2.17763
2.15206
2.18314
2.16883
2.17094
2.41901
2.3593
2.33894
2.18112
2.1545
2.16592
2.17699
2.43712
2.33882
2.16918
2.17293
2.17088
2.15987
2.43917
2.3329
2.36042
2.17178
2.17853
2.15859
2.17059
2.45555
2.34336
2.15654
2.18314
2.16266
2.16669
2.17498
2.13302
2.3368
2.42278
2.17018
2.18419
2.16205
2.1704
2.1769
2.41459
2.33267
2.17312
2.16474
2.17514
2.1487
2.54109
2.34291
2.16646
2.1641
2.16474
2.14662
2.35104
2.19968
2.58038
2.17837
2.16474
2.1545
2.20742
2.16474
2.54771
2.15389
2.17619
2.15654
2.164
2.18112
2.51616
2.34291
2.18288
2.14893
2.16474
2.1888
2.51699
2.33629
2.17802
2.15472
2.16883
2.15645
2.4825
2.34288
2.16259
2.15859
2.17702
2.15274
2.20365
2.50781
2.3552
2.17251
2.16259
2.17498
2.18285
2.46237
2.18883
2.16269
2.18109
2.15581
2.17459
2.17533
2.54362
2.34214
2.17056
2.15334
2.16838
2.17987
2.49366
2.16064
2.17101
2.16166
2.16474
2.31424
2.1727
2.53306
2.17622
2.1545
2.17258
2.16064
2.50266
2.3425
2.16474
2.15859
2.16883
2.14544
2.32739
2.44906
2.35142
2.15856
2.17635
2.15654
2.18202
2.4535
2.35738
2.16026
2.18317
2.15706
2.17216
2.18275
2.344
2.15898
2.16992
2.15264
2.17293
2.17875
2.44531
2.33859
2.17088
2.15859
2.16883
2.15245
2.33354
2.56819
2.35651
2.16202
2.17021
2.1543
2.2016
2.48192
2.3593
2.15856
2.17008
2.15642
2.18694
2.4576
2.3511
2.15654
2.1791
2.16064
2.16678
2.53104
2.35088
2.34093
2.17088
2.15568
2.16269
2.3072
2.46864
2.16064
2.16064
2.1504
2.16138
2.34186
2.47382
2.15859
2.17155
2.15622
2.16678
2.18522
2.46314
2.14835
2.16352
2.14794
2.16963
2.32858
2.47773
2.16269
2.16474
2.15968
2.17088
2.14835
2.33267
2.33677
2.36339
2.16099
2.16678
2.15053
2.20506
2.44714
2.36464
2.16835
2.17322
2.16061
2.20294
2.46774
2.35229
2.1479
2.17869
2.1527
2.16678
2.18326
2.35805
2.15962
2.16086
2.15654
2.17498
2.14835
2.55123
2.3384
2.17293
2.15859
2.16064
2.16035
2.56352
2.33606
2.34819
2.16394
2.18064
2.15523
2.1999
2.46282
2.34614
2.15085
2.18272
2.15958
2.18182
2.34496
2.47194
2.35062
2.1649
2.15866
2.16781
2.18419
2.17344
2.5825
2.16883
2.16662
2.16384
2.16186
2.18931
2.48013
2.34307
2.16067
2.16883
2.15616
2.33165
2.4489
2.35725
2.14221
2.16077
2.16195
2.18464
2.46022
2.34701
2.15926
2.16883
2.14534
2.16051
2.18506
2.4687
2.32243
2.16202
2.1545
2.16675
2.57638
2.35123
2.1648
2.16678
2.16269
2.16646
2.31629
2.47398
2.148
2.17702
2.15366
2.16883
2.12787
2.36544
2.16563
2.26406
2.2057
2.16122
2.15853
2.43098
2.3263
2.17456
2.17702
2.16845
2.36317
2.62307
2.32858
2.22822
2.16038
2.17075
2.32355
2.66582
2.33683
2.17664
2.18026
2.17805
2.1545
2.16064
2.53357
2.34474
2.22208
2.17088
2.15584
2.53626
2.34294
2.17181
2.15654
2.16653
2.14835
2.16269
2.1504
2.16474
2.16269
2.16602
2.16938
2.60867
2.37094
2.3511
2.16179
2.16592
2.14982
2.33251
2.49411
2.35984
2.16941
2.16678
2.1545
2.33117
2.3303
2.3511
2.15453
2.17293
2.15866
2.1975
2.5047
2.36134
2.16781
2.17062
2.16224
2.34842
2.41459
2.4599
2.16675
2.17885
2.1545
2.16378
2.42186
2.34912
2.14835
2.15654
2.16602
2.16883
2.17846
2.41856
2.16118
2.16163
2.15837
2.16723
2.16474
2.4105
2.15347
2.17498
2.16278
2.17088
2.14819
2.20362
2.43098
2.16957
2.1537
2.17072
2.14426
2.19738
2.4023
2.33779
2.1504
2.18531
2.1601
2.15843
2.40614
2.17088
2.15562
2.17853
2.15808
2.15523
2.48586
2.16269
2.15382
2.17894
2.13606
2.17907
2.18522
2.35117
2.32781
2.172
2.15584
2.16592
2.5129
2.34726
2.14797
2.1624
2.14365
2.16394
2.32586
2.34496
2.3273
2.17907
2.15744
2.16739
2.34835
2.50179
2.34291
2.16659
2.16269
2.19709
2.16691
2.48707
2.34819
2.16237
2.16586
2.17059
2.15462
2.44787
2.33469
2.15632
2.16678
2.17907
2.15965
2.21104
2.33475
2.34291
2.33581
2.17533
2.15859
2.16691
2.42278
2.34291
2.15366
2.16678
2.16368
2.1729
2.17702
2.43616
2.32752
2.17341
2.17088
2.17408
2.1521
2.42893
2.33517
2.16272
2.15789
2.17296
2.15654
2.18918
2.40816
2.35094
2.16061
2.17648
2.15859
2.17702
2.41459
2.15635
2.16944
2.1825
2.15459
2.16883
2.32419
2.43098
2.13882
2.16678
2.17088
2.17094
2.15568
2.43632
2.34499
2.34979
2.17053
2.17114
2.1504
2.53952
2.33568
2.36208
2.14835
2.18522
2.1552
2.35709
2.41994
2.37568
2.15277
2.19546
2.15174
2.19344
2.41664
2.35197
2.1663
2.17482
2.15078
2.16883
2.48339
2.35184
2.1513
2.16883
2.1559
2.16592
2.32448
2.50387
2.33978
2.16394
2.15898
2.17907
2.18931
2.4535
2.32787
2.16086
2.16064
2.17718
2.15158
2.4535
2.33795
2.16458
2.15245
2.16381
2.14989
2.18669
2.33248
2.1768
2.15066
2.17942
2.15859
2.16883
2.43715
2.34598
2.1529
2.16253
2.16269
2.17088
2.15245
2.40435
2.14221
2.16883
2.16883
2.17293
2.1519
2.54566
2.33699
2.16064
2.15734
2.17357
2.16371
2.16064
2.50304
2.37363
2.34022
2.17542
2.15475
2.16758
2.18112
2.35546
2.33075
2.17354
