DICE-NO-SHADOW
0.599328
0.602208
0.597984
0.599936
0.598016
0.598368
0.598176
0.601632
0.598016
0.601184
0.600064
0.5976
0.602112
0.597696
0.597344
0.597344
0.4144
0.41376
0.4144
0.416448
0.414144
0.415552
0.414272
0.412608
0.413696
0.412608
0.413632
0.410336
0.4152
0.412224
0.413792
0.412288
0.41424
0.412544
0.41552
0.412576
0.413408
0.412608
0.412608
0.415744
0.415776
0.413696
0.41376
0.413056
0.413696
0.417504
0.414688
0.412448
0.413792
0.412512
0.416096
0.410592
0.415168
0.413696
0.412352
0.413696
0.414176
0.41376
0.414304
0.41392
0.413824
0.414144
0.411456
0.411648
0.415776
0.414432
0.413696
0.412384
0.41568
0.416128
0.414432
0.412576
0.415744
0.412544
0.414432
0.413632
0.414432
0.414464
0.415904
0.413952
0.41456
0.416032
0.414304
0.41264
0.413504
0.416224
0.413472
0.415392
0.414432
0.412608
0.413856
0.41248
0.416512
0.413696
0.413696
0.410944
0.414464
0.413696
0.417792
0.413632
0.416064
0.414592
0.414464
0.414848
0.416992
0.412512
0.415968
0.41568
0.415008
0.415616
0.415712
0.4144
0.414624
0.41424
0.413696
0.413632
0.4152
0.413664
0.416416
0.412544
0.4136
0.413888
0.415776
0.415008
0.414208
0.41232
0.417472
0.413408
0.417056
0.414016
0.416128
0.412256
0.414528
0.414336
0.415392
0.415968
0.413696
0.412544
0.413728
0.417856
0.4136
0.413696
0.413696
0.413696
0.414496
0.4136
0.413696
0.411136
0.417408
0.413696
0.414304
0.418336
0.414272
0.4144
0.417504
0.41568
0.4136
0.414528
0.413696
0.412608
0.419776
0.413696
0.54768
0.546816
0.547808
0.546624
0.547648
0.548864
0.54864
0.549664
0.548864
0.548448
0.54784
0.548384
0.547712
0.548576
0.548608
0.550912
0.550208
0.54816
0.548256
0.547616
0.546816
0.548864
0.550912
0.548864
0.54848
0.549696
0.548736
0.549952
0.546816
0.548128
0.546784
0.54752
0.54672
0.546432
0.546816
0.548864
0.548352
0.532768
0.53616
0.536
0.536576
0.536576
0.53584
0.534592
0.534816
0.534464
0.537024
0.534528
0.534944
0.53456
0.536288
0.536608
0.540672
0.533728
0.538592
0.537632
0.534112
0.535712
0.540544
0.534528
0.534528
0.536576
0.535232
0.534112
0.536576
0.53424
0.5368
0.536576
0.536576
0.536064
0.538336
0.536704
0.553856
0.555328
0.553248
0.555008
0.555168
0.553728
0.551936
0.552864
0.553536
0.554528
0.555648
0.558816
0.553664
0.555008
0.553952
0.552288
0.554528
0.553888
0.5536
0.558336
0.554272
0.553792
0.554496
0.55312
0.553792
0.558336
0.555648
0.55296
0.553376
0.555776
0.55472
0.553664
0.553024
0.554976
0.55312
0.548864
0.553824
0.555008
0.55296
0.54096
0.54272
0.540096
0.544192
0.542112
0.541344
0.54272
0.543616
0.542432
0.543264
0.54272
0.54272
0.544032
0.540672
0.541696
0.542656
0.543936
0.541088
0.541664
0.541664
0.541952
0.541728
0.54272
0.543872
0.54112
0.542016
0.544512
0.542528
0.544224
0.543936
0.540672
0.544768
0.54272
0.54272
0.54272
0.540672
0.540672
0.561344
0.56064
0.561088
0.561088
0.561536
0.563136
0.56144
0.5632
0.561728
0.561312
0.563264
0.561696
0.561568
0.5616
0.56096
0.561152
0.563584
0.563072
0.56096
0.5632
0.559648
0.56112
0.559904
0.5616
0.561984
0.559744
0.561536
0.561632
0.559808
0.56384
0.561152
0.559456
0.561472
0.561664
0.564032
0.562752
0.561152
0.545472
0.546816
0.546112
0.548736
0.548352
0.548896
0.550528
0.546112
0.542944
0.547648
0.547104
0.549088
0.545568
0.55024
0.547072
0.549536
0.551168
0.546816
0.54704
0.54736
0.547424
0.548128
0.54768
0.547456
0.550912
0.54704
0.546816
0.546816
0.547808
0.548096
0.547072
0.54608
0.547552
0.547712
0.546848
0.546816
0.550368
0.571456
0.571616
0.569408
0.569344
0.571392
0.569984
0.569344
0.569344
0.569312
0.571072
0.571456
0.569696
0.570112
0.569504
0.571008
0.56928
0.569792
0.5696
0.569568
0.569344
0.571488
0.569472
0.569536
0.5696
0.567584
0.569696
0.568992
0.570144
0.569344
0.569376
0.569344
0.570624
0.569664
0.569344
0.571488
0.569344
0.571296
0.552832
0.55248
0.551712
0.55296
0.555712
0.555744
0.552736
0.55344
0.55456
0.551616
0.552832
0.552384
0.552992
0.552896
0.553568
0.55568
0.556128
0.551296
0.55296
0.551104
0.554656
0.55312
0.5528
0.555008
0.55296
0.553888
0.556576
0.55296
0.55296
0.555008
0.551104
0.55344
0.552256
0.55296
0.581632
0.581632
0.581856
0.58368
0.582688
0.580576
0.581632
0.581696
0.58368
0.58368
0.581696
0.58144
0.581568
0.581632
0.58272
0.5816
0.581632
0.583648
0.581632
0.581632
0.581632
0.581152
0.581632
0.58368
0.581632
0.583328
0.581632
0.581152
0.583168
0.581152
0.581632
0.583008
0.579584
0.581632
0.581632
0.581504
0.581632
0.564512
0.564288
0.560032
0.5632
0.563712
0.565024
0.565248
0.563072
0.567296
0.564576
0.564768
0.5632
0.563424
0.565248
0.565152
0.562912
0.563648
0.563424
0.566048
0.5632
0.563712
0.564768
0.564224
0.56432
0.565248
0.56528
0.56368
0.562688
0.565344
0.5632
0.565248
0.565184
0.564928
0.564288
0.583936
0.58368
0.583104
0.586336
0.585728
0.58368
0.585728
0.581632
0.583168
0.582688
0.581632
0.585728
0.58368
0.583136
0.581728
0.585376
0.582496
0.58368
0.582944
0.585728
0.58176
0.58304
0.58368
0.585056
0.581824
0.582208
0.58368
0.58192
0.585728
0.583488
0.582784
0.581632
0.582752
0.58368
0.585728
0.5824
0.581504
0.57248
0.56944
0.56608
0.569408
0.569344
0.568928
0.573248
0.57024
0.569344
0.569344
0.569408
0.569856
0.571392
0.569312
0.570464
0.57152
0.570464
0.57104
0.573344
0.570464
0.571392
0.568928
0.570848
0.571104
0.571168
0.57088
0.570752
0.57216
0.571392
0.572704
0.569344
0.571392
0.569344
0.571072
0.570528
0.570944
0.587776
0.585152
0.585248
0.58368
0.585728
0.585728
0.589344
0.587616
0.585728
0.584672
0.58368
0.58368
0.585632
0.584576
0.58368
0.585376
0.587136
0.585664
0.586816
0.58768
0.585408
0.586752
0.58368
0.587584
0.582528
0.584
0.589824
0.585728
0.587072
0.585728
0.585632
0.585536
0.584512
0.584288
0.582592
0.587776
0.585056
0.587776
0.575488
0.577152
0.578656
0.57696
0.575488
0.575488
0.575488
0.577536
0.577536
0.575744
0.575488
0.576864
0.575488
0.57792
0.576032
0.577344
0.575488
0.577536
0.576384
0.575648
0.576896
0.575552
0.575488
0.579232
0.577152
0.579488
0.576448
0.577536
0.576128
0.57808
0.579392
0.578848
0.57712
0.577248
0.577088
0.589024
0.589824
0.588416
0.589824
0.588416
0.588448
0.589216
0.587776
0.589088
0.588512
0.58944
0.587616
0.587776
0.588672
0.587616
0.5896
0.5912
0.58912
0.591072
0.59088
0.589664
0.591872
0.592064
0.587392
0.589344
0.589824
0.589344
0.588704
0.589376
0.58944
0.588256
0.59008
0.589824
0.589824
0.59008
0.585728
0.588096
0.582624
0.583648
0.585344
0.58368
0.58448
0.58368
0.58368
0.58352
0.58752
0.585728
0.584128
0.58368
0.585248
0.58368
0.58368
0.583264
0.585472
0.58416
0.581632
0.585728
0.58368
0.589824
0.58368
0.581696
0.585728
0.5832
0.58368
0.583328
0.583264
0.58368
0.583488
0.58368
0.58736
0.58368
0.58352
0.584928
0.589632
0.593536
0.592448
0.594528
0.593344
0.595552
0.593312
0.5944
0.592
0.59408
0.592064
0.595616
0.592288
0.592288
0.592576
0.592608
0.59392
0.596512
0.592256
0.593216
0.592512
0.59584
0.592448
0.592512
0.5928
0.59392
0.598016
0.593952
0.595744
0.59264
0.59408
0.59392
0.592608
0.595296
0.594656
0.592384
0.592768
0.594272
0.593536
0.594976
0.590176
0.589792
0.590496
0.590272
0.592256
0.590592
0.590048
0.590752
0.585984
0.58848
0.591872
0.591744
0.589824
0.592288
0.592128
0.590368
0.590688
0.593536
0.59056
0.589952
0.592256
0.592448
0.590176
0.589824
0.590208
0.590944
0.590688
0.590304
0.591872
0.59136
0.590336
0.590272
0.592576
0.590528
0.591808
0.589824
0.584416
0.584704
0.58848
0.585696
0.583936
0.585664
0.584384
0.583776
0.58784
0.586304
0.584832
0.586272
0.586464
0.58576
0.586048
0.58464
0.584576
0.587808
0.585952
0.584064
0.585728
0.586656
0.587552
0.587456
0.586208
0.585792
0.588384
0.5856
0.58368
0.584224
0.585728
0.58368
0.585664
0.587744
0.587776
0.584352
0.5856
0.58464
0.585632
0.588576
0.584032
0.58656
0.585216
0.585728
0.585824
0.585792
0.586496
0.584544
0.5864
0.585696
0.584704
0.585568
0.585728
0.585856
0.584576
0.584576
0.587744
0.587488
0.58576
0.587872
0.585888
0.585728
0.590496
0.585824
0.584192
0.581824
0.58464
0.584608
0.585472
0.585952
0.58656
0.585856
0.587744
0.58464
0.585472
0.586528
0.588288
0.588224
0.585664
0.585664
0.586528
0.589184
0.585984
0.586048
0.586432
0.587872
0.585632
0.582144
0.590336
0.586752
0.588672
0.584544
0.584544
0.589824
0.58464
0.587936
0.587872
0.587296
0.587488
0.586432
0.586016
0.588544
0.584512
0.58448
0.58464
0.584576
0.58528
0.58448
0.587776
0.585792
0.584256
0.588704
0.584192
0.589152
0.584352
0.586688
0.585728
0.586464
0.586144
0.585632
0.584448
0.585568
0.58368
0.584768
0.587104
0.584576
0.585216
0.585952
0.586368
0.58624
0.583776
0.589088
0.590336
0.585536
0.584416
0.585728
0.587296
0.585792
0.585952
0.58368
0.585728
0.586432
0.584096
0.585856
0.58768
0.585728
0.587328
0.58576
0.58704
0.586912
0.598016
0.59936
0.599936
0.599712
0.598272
0.599264
0.602144
0.598656
0.60016
0.599744
0.5984
0.599712
0.600096
0.598016
0.5992
0.598016
0.602112
0.60064
0.598848
0.596768
0.598208
0.599904
0.598624
0.597792
0.600448
0.599776
0.599904
0.598624
0.598016
