DICE
2.6249
2.48867
2.48243
2.30195
2.30195
2.29613
2.64742
2.48422
2.48752
2.30326
2.29744
2.29562
2.56771
2.48422
2.51494
2.30352
2.29786
2.30118
2.54218
2.4792
2.30605
2.2999
2.29606
2.30275
2.3081
2.48614
2.48781
2.30141
2.29811
2.3016
2.30605
2.4849
2.30192
2.29901
2.29581
2.30195
2.30541
2.54016
2.48422
2.304
2.29581
2.30195
2.30125
2.56205
2.30605
2.31142
2.30195
2.29926
2.30195
2.53811
2.48765
2.58768
2.30253
2.29786
2.29974
2.55555
2.48013
2.2999
2.29926
2.30029
2.30205
2.42912
2.48054
2.47526
2.2991
2.29661
2.2999
2.63066
2.48422
2.48013
2.30186
2.30227
2.30205
2.6319
2.49136
2.50384
2.30176
2.2999
2.30525
2.56275
2.47811
2.47626
2.29786
2.29786
2.45146
2.50211
2.47808
2.30246
2.29568
2.30317
2.304
2.49446
2.496
2.29824
2.30195
2.2961
2.56806
2.48832
2.4904
2.30166
2.30515
2.29562
2.55075
2.46954
2.4793
2.30192
2.30195
2.30166
2.5337
2.48118
2.49446
2.30026
2.30195
2.29814
2.3063
2.47968
2.29978
2.29782
2.2999
2.30269
2.3
2.53133
2.47603
2.30141
2.29984
2.2999
2.304
2.55898
2.48653
2.30627
2.29648
2.29923
2.29658
2.53533
2.48218
2.48358
2.29827
2.30566
2.30176
2.55664
2.47149
2.304
2.29699
2.29933
2.304
2.52874
2.48378
2.30013
2.29923
2.30419
2.44976
2.56
2.50061
2.30115
2.29581
2.30115
2.45126
2.49856
2.48957
2.30086
2.29699
2.29786
2.55104
2.47709
2.48422
2.29712
2.30186
2.29728
2.56182
2.4921
2.59277
2.29805
2.29594
2.30182
2.54739
2.48
2.30784
2.29728
2.29946
2.30131
2.5472
2.47555
2.48762
2.29376
2.30547
2.29581
2.5559
2.4753
2.48381
2.29786
2.29786
2.30195
2.54336
2.48422
2.30768
2.2999
2.29581
2.29725
2.55939
2.47587
2.30218
2.29786
2.29642
2.30669
2.54586
2.47837
2.48778
2.30112
2.29376
2.30544
2.56387
2.48211
2.31402
2.2999
2.29766
2.29814
2.30195
2.48368
2.30211
2.2999
2.29581
2.30579
2.64397
2.47142
2.30819
2.30221
2.29651
2.30131
2.63354
2.47808
2.50013
2.30019
2.30141
2.30003
2.56205
2.29565
2.30717
2.29725
2.30192
2.2969
2.53542
2.47984
2.58915
2.3048
2.29786
2.29776
2.62125
2.29974
2.30605
2.29786
2.2936
2.29955
2.57843
2.47808
2.30589
2.29904
2.2977
2.2953
2.54976
2.46774
2.29994
2.29376
2.29376
2.53299
2.4785
2.2999
2.30195
2.29462
2.30195
2.48218
2.304
2.29642
2.30195
2.29578
2.43453
2.58458
2.30195
2.29376
2.29635
2.29581
2.52723
2.49622
2.304
2.28966
2.30195
2.56451
2.48458
2.48419
2.3032
2.29706
2.30563
2.55158
2.29712
2.30326
2.3081
2.30189
2.30195
2.56851
2.47798
2.30387
2.3057
2.30963
2.46518
2.55309
2.47616
2.30835
2.30403
2.30125
2.30179
2.53542
2.47776
2.3087
2.30195
2.30013
2.30538
2.54771
2.47603
2.48013
2.48013
2.30605
2.304
2.55427
2.48218
2.48627
2.30262
2.2999
2.30198
2.53974
2.30195
2.30435
2.30218
2.29581
2.29942
2.6296
2.48154
2.49046
2.30195
2.2999
2.30154
2.55795
2.48218
2.47194
2.30605
2.30384
2.30362
2.55802
2.47418
2.59072
2.30445
2.30195
2.30195
2.53411
2.3071
2.3023
2.30195
2.29776
2.30125
2.53338
2.48819
2.48218
2.30016
2.2999
2.43517
2.55046
2.47398
2.30979
2.30163
2.2999
2.30227
2.5592
2.30086
2.30362
2.30346
2.29818
2.30154
2.56205
2.47792
2.30406
2.30019
2.29955
2.304
2.5431
2.47216
2.30752
2.30154
2.30288
2.2992
2.57024
2.47971
2.30333
2.30262
2.29587
2.29958
2.54566
2.30333
2.30774
2.30304
2.2961
2.2999
2.5641
2.47603
2.4784
2.3017
2.29786
2.29786
2.53747
2.2999
2.3081
2.304
2.2999
2.304
2.55565
2.29581
2.30378
2.30109
2.29782
2.30195
2.48112
2.29389
2.29786
2.29974
2.29741
2.64397
2.4816
2.29376
2.29984
2.30131
2.29171
2.56368
2.48218
2.4801
2.29373
2.30067
2.42944
2.48054
2.29776
2.29776
2.29376
2.29968
2.55309
2.30195
2.30342
2.29546
2.29584
2.62032
2.48464
2.47226
2.2999
2.29786
2.43222
2.56736
2.47194
2.304
2.30003
2.30195
2.30173
2.56851
2.4816
2.30627
2.30141
2.29958
2.29942
2.54115
2.47734
2.30832
2.29581
2.30301
2.29968
2.54566
2.48205
2.30371
2.29786
2.29859
2.30384
2.57638
2.47376
2.30346
2.3033
2.29786
2.30051
2.54326
2.47757
2.29376
2.30173
2.29946
2.29254
2.3081
2.48976
2.2999
2.29965
2.30275
2.29786
2.46128
2.48086
2.29581
2.2991
2.29808
2.30608
2.30342
2.47923
2.30195
2.30125
2.29786
2.29616
2.61712
2.29747
2.29747
2.54298
2.48013
2.30323
2.30467
2.30195
2.2999
2.53968
2.48627
2.29622
2.30403
2.3
2.29581
2.5641
2.48643
2.58608
2.30195
2.30195
2.304
2.54362
2.47907
2.29981
2.30016
2.29744
2.30134
2.63242
2.48029
2.48182
2.30195
2.29984
2.30336
2.29581
2.5559
2.48422
2.304
2.29808
2.30115
2.29888
2.48218
2.48627
2.3041
2.30128
2.29334
2.29827
2.30173
2.30797
2.30787
2.29795
2.29786
2.30346
2.53853
2.48378
2.30698
2.296
2.29482
2.63168
2.47571
2.4751
2.30832
2.3039
2.30179
2.62938
2.48176
2.59277
2.30403
2.304
2.29792
2.29814
2.47808
2.48029
2.304
2.30397
2.29805
2.54742
2.48032
2.48579
2.29971
2.30134
2.304
2.54064
2.48218
2.30963
2.30525
2.29779
2.29779
2.29757
2.47779
2.3048
2.2999
2.2999
2.29962
2.30128
2.59891
2.47808
2.30429
2.30106
2.29978
2.29942
2.55078
2.49248
2.30195
2.30109
2.2985
2.29786
2.48224
2.30682
2.30534
2.3017
2.30253
2.30195
2.54566
2.30202
2.304
2.3
2.30013
2.29747
2.54566
2.47808
2.304
2.2999
2.30326
2.2999
2.29766
2.30317
2.30045
2.30605
2.30019
2.29162
2.54771
2.47418
2.47542
2.30195
2.29744
2.29958
2.56205
2.48035
2.30608
2.29786
2.2977
2.30099
2.47795
2.304
2.2999
2.29171
2.30195
2.62902
2.49133
2.48422
2.29779
2.30141
2.30182
2.64154
2.47542
2.47398
2.29786
2.49434
2.5177
2.58256
2.53133
2.30304
2.30195
2.30006
2.46579
2.55526
2.50781
2.29974
2.30195
2.2999
2.29968
2.58278
2.49178
2.30118
2.29818
2.30141
2.3
2.5416
2.48134
2.29901
2.30483
2.30026
2.4617
2.49341
2.48627
2.30611
2.30605
2.30822
2.29629
2.57578
2.47962
2.30605
2.30173
2.30022
2.29603
2.46954
2.31014
2.2976
2.2999
2.29763
2.60915
2.29363
2.30518
2.29786
2.30195
2.304
2.43133
2.57434
2.50675
2.29722
2.304
2.29808
2.56842
2.49181
2.48218
2.30195
2.30214
2.29965
2.61466
2.47552
2.30195
2.30253
2.30013
2.29731
2.54352
2.4825
2.30605
2.29917
2.30195
2.29891
2.56205
2.47894
2.47734
2.29789
2.3065
2.2999
2.5433
2.48422
2.47949
2.29581
2.304
2.29613
2.5543
2.3007
2.29811
2.30067
2.30605
2.30195
2.53514
2.47002
2.304
2.30109
2.30195
2.30144
2.55805
2.48218
2.3073
2.29942
2.3063
2.30026
2.53965
2.47126
2.304
2.2999
2.2999
2.30195
2.55203
2.47818
2.3081
2.29581
2.30195
2.30358
2.53952
2.47814
2.48666
2.29581
2.3081
2.30166
2.62858
2.47741
2.30998
2.29795
2.30605
2.29942
2.4304
2.5495
2.48422
2.29981
2.30016
2.30371
2.29507
2.48826
2.50662
2.30195
2.30186
2.29987
2.6175
2.48582
2.3081
2.29763
2.30733
2.29325
2.5559
2.50573
2.4896
2.304
2.3055
2.304
2.55232
2.48355
2.59894
2.30547
2.30563
2.304
2.54138
2.47958
2.31197
2.30096
2.29984
2.30006
2.53824
2.48013
2.4897
2.304
2.30374
2.2983
2.2999
2.48051
2.30544
2.2999
2.30131
2.2999
2.30272
2.47398
2.4841
2.30128
2.30714
2.29786
2.46784
2.30038
2.64163
2.3024
2.29856
2.29376
2.4513
2.48602
2.49219
2.29792
2.29722
2.30115
2.54976
2.48829
2.30195
2.29974
2.304
2.45136
2.5473
2.47571
2.30138
2.30195
2.29981
2.29379
2.46579
2.30304
2.30195
2.29555
2.3015
2.63373
2.47808
2.47398
2.30566
2.29782
2.30096
2.5352
2.5081
2.29872
2.29786
2.29754
2.29786
2.29171
2.29974
2.29686
2.30362
2.29709
2.53514
2.48445
2.29581
2.3001
2.30195
2.29786
2.55494
2.47808
2.30195
2.29776
2.3017
2.54547
2.48422
2.30774
2.2999
2.2999
2.30154
2.53334
2.48611
2.48355
2.29885
2.29661
2.30195
2.53917
2.47914
2.47821
2.2969
2.2999
2.29811
2.47494
2.31142
2.29654
2.29754
2.29386
2.5471
2.47491
2.29965
2.29584
2.29734
2.2991
2.5655
2.47962
2.30406
2.2968
2.30125
2.45146
2.48627
2.48118
2.30845
2.30195
2.30426
2.29821
2.48832
2.48627
2.30314
2.29376
2.2999
2.54192
2.47808
2.30605
2.30006
2.2999
2.29997
2.30435
2.55795
2.47363
2.30496
2.2999
2.29814
2.29974
2.54362
2.47565
2.30336
2.2999
2.29888
2.30058
2.55504
2.47808
2.31014
2.30336
2.304
2.29811
2.54381
2.30195
2.30941
2.2999
2.2999
2.29734
2.64122
2.48147
2.48659
2.30195
2.29856
2.29581
2.30605
2.48256
2.48422
2.2999
2.30352
2.29731
2.56467
2.47808
2.31312
2.30096
2.29443
2.29542
2.5472
2.4831
2.31014
2.29981
2.29581
2.29987
