MY-VER-NO-SHADOW
0.57248
0.569024
0.569344
0.574336
0.569408
0.575392
0.569344
0.575264
0.571424
0.573856
0.569248
0.570272
0.572352
0.572352
0.484448
0.485376
0.48496
0.485408
0.48432
0.488128
0.48448
0.487424
0.48576
0.485376
0.484896
0.485152
0.48336
0.485536
0.485248
0.483808
0.485376
0.485504
0.485888
0.50384
0.505824
0.504992
0.505088
0.5032
0.505728
0.503424
0.503808
0.50448
0.503808
0.501824
0.503808
0.505504
0.505152
0.501824
0.50288
0.507488
0.503648
0.503808
0.509952
0.505056
0.501696
0.502912
0.503808
0.503488
0.505856
0.505504
0.50128
0.503808
0.505216
0.50144
0.503232
0.505728
0.505856
0.503808
0.503584
0.503104
0.503808
0.495296
0.49152
0.491776
0.495616
0.495232
0.495616
0.495616
0.49568
0.495808
0.493696
0.495616
0.497664
0.49376
0.497664
0.49776
0.496768
0.493888
0.495616
0.495616
0.495616
0.496768
0.495808
0.495616
0.493568
0.49168
0.495616
0.496096
0.497504
0.4952
0.493376
0.497664
0.497664
0.496672
0.501376
0.495488
0.514048
0.51488
0.515424
0.516096
0.51904
0.516096
0.514848
0.515936
0.516
0.518016
0.517504
0.518144
0.518144
0.519104
0.514048
0.515904
0.513888
0.51648
0.515968
0.514912
0.516192
0.514048
0.514048
0.516032
0.516032
0.516064
0.515168
0.514912
0.517504
0.514048
0.514048
0.517088
0.51488
0.514048
0.514048
0.514752
0.514784
0.509536
0.502528
0.50304
0.505856
0.503808
0.503808
0.503808
0.503808
0.50304
0.50352
0.503808
0.505856
0.50304
0.505952
0.509952
0.503712
0.505024
0.5048
0.504832
0.503808
0.505376
0.503072
0.503168
0.502784
0.503808
0.505536
0.503808
0.503456
0.503808
0.50624
0.505856
0.505856
0.505856
0.505248
0.503808
0.50384
0.503808
0.506976
0.52416
0.52224
0.520736
0.520736
0.520448
0.5208
0.520608
0.520896
0.520192
0.520864
0.520704
0.52208
0.524288
0.523168
0.51904
0.520288
0.522496
0.519488
0.520192
0.522432
0.520704
0.520576
0.520288
0.520448
0.52224
0.519904
0.521888
0.520608
0.520512
0.521024
0.520416
0.520736
0.52304
0.521056
0.521248
0.521376
0.52112
0.520128
0.520096
0.517024
0.509888
0.508928
0.510656
0.509632
0.51072
0.508736
0.508928
0.509952
0.508736
0.510176
0.508544
0.508384
0.509696
0.508576
0.50848
0.509952
0.508736
0.508576
0.51008
0.508832
0.508704
0.507904
0.509024
0.507904
0.509792
0.509952
0.509952
0.509408
0.508992
0.51088
0.509216
0.50992
0.507808
0.508384
0.508928
0.511872
0.512
0.508864
0.529088
0.525184
0.526656
0.52624
0.526336
0.528768
0.526432
0.52656
0.52656
0.526496
0.526432
0.526592
0.524864
0.526848
0.528736
0.526528
0.526368
0.526048
0.527648
0.526432
0.526496
0.526944
0.527968
0.5264
0.526752
0.52768
0.5264
0.526816
0.5248
0.528032
0.526688
0.526304
0.528928
0.52896
0.527616
0.524704
0.524608
0.526592
0.526656
0.530208
0.514656
0.512864
0.514048
0.51424
0.514016
0.515168
0.516096
0.514976
0.516608
0.514368
0.516384
0.514048
0.512864
0.51456
0.515872
0.515296
0.512
0.514432
0.514208
0.514688
0.513408
0.51456
0.514048
0.514048
0.512864
0.512992
0.513824
0.516416
0.514048
0.514016
0.516096
0.516736
0.512864
0.51456
0.513856
0.515776
0.514784
0.54272
0.539744
0.54016
0.544768
0.541504
0.544768
0.540672
0.542688
0.54176
0.54272
0.544768
0.54016
0.540672
0.54272
0.545888
0.540672
0.544128
0.540352
0.54272
0.54272
0.542048
0.541984
0.540672
0.540672
0.540992
0.540672
0.538752
0.542336
0.544512
0.542944
0.54272
0.540672
0.541888
0.544768
0.54272
0.540672
0.541696
0.54272
0.540672
0.540672
0.524608
0.526016
0.525792
0.524288
0.52224
0.525568
0.52544
0.52432
0.526336
0.52624
0.52624
0.527936
0.525536
0.525536
0.524448
0.524288
0.524288
0.522688
0.526304
0.526528
0.525888
0.526336
0.5256
0.524992
0.52448
0.524288
0.525536
0.524992
0.524288
0.529056
0.528384
0.526624
0.524288
0.525888
0.524288
0.524096
0.5264
0.538624
0.544768
0.542048
0.54272
0.541504
0.538624
0.546368
0.544416
0.543584
0.54288
0.544768
0.544224
0.54272
0.54272
0.542688
0.541184
0.544768
0.545856
0.54272
0.544768
0.544768
0.541888
0.542048
0.542688
0.540928
0.544768
0.542592
0.5424
0.54272
0.544768
0.540128
0.54272
0.544352
0.541696
0.542592
0.544768
0.542528
0.544416
0.545792
0.54272
0.528096
0.530304
0.530432
0.532544
0.528576
0.529664
0.529472
0.528384
0.530432
0.52992
0.530528
0.528608
0.53024
0.528384
0.530272
0.529952
0.531904
0.52992
0.528352
0.530432
0.530016
0.530432
0.528384
0.530464
0.532128
0.52928
0.528384
0.529472
0.528384
0.528544
0.524512
0.528576
0.528576
0.528384
0.528384
0.528384
0.528576
0.5488
0.549824
0.546816
0.548096
0.548704
0.55088
0.548864
0.548864
0.548864
0.548736
0.547392
0.548864
0.549856
0.5504
0.548864
0.548576
0.547872
0.548864
0.550368
0.547808
0.551872
0.547552
0.548864
0.550912
0.548864
0.549792
0.548352
0.548864
0.548864
0.54768
0.546816
0.550912
0.54864
0.548864
0.549344
0.54768
0.550912
0.547392
0.548576
0.547584
0.536576
0.536576
0.538272
0.537696
0.534528
0.537888
0.538624
0.538112
0.53536
0.536576
0.536576
0.538432
0.53856
0.536576
0.535616
0.537728
0.5376
0.534528
0.538112
0.538624
0.534528
0.530528
0.538624
0.536576
0.53536
0.534528
0.537824
0.539712
0.536192
0.538624
0.53616
0.53648
0.534592
0.53648
0.537728
0.539488
0.53184
0.535616
0.55296
0.555808
0.555456
0.553472
0.553728
0.556032
0.554848
0.556832
0.553856
0.55568
0.555488
0.55712
0.555744
0.558176
0.555328
0.5552
0.553248
0.553664
0.55456
0.553728
0.554656
0.553632
0.554848
0.555776
0.556384
0.555008
0.553728
0.554976
0.55568
0.553664
0.55296
0.553952
0.553184
0.5552
0.553696
0.556288
0.553504
0.557792
0.555936
0.551808
0.542688
0.544768
0.541472
0.54272
0.541312
0.540672
0.542112
0.540672
0.54272
0.543168
0.542016
0.541536
0.54368
0.540672
0.54096
0.543136
0.542368
0.543808
0.541824
0.540672
0.542528
0.54272
0.545216
0.541824
0.5408
0.54368
0.540768
0.54272
0.54272
0.540672
0.544352
0.539936
0.539616
0.542304
0.540096
0.54272
0.542688
0.542656
0.54272
0.544064
0.542272
0.540672
0.540736
0.540512
0.541792
0.5408
0.540672
0.544448
0.54096
0.542336
0.545056
0.546688
0.5424
0.542304
0.544768
0.543744
0.542432
0.541536
0.54272
0.54272
0.540672
0.54224
0.540672
0.541888
0.542048
0.54176
0.54112
0.540672
0.541856
0.541088
0.540864
0.543744
0.54032
0.54272
0.5408
0.540672
0.541632
0.53984
0.540672
0.54064
0.540672
0.54272
0.54272
0.542304
0.5416
0.540672
0.542368
0.540672
0.542592
0.544768
0.54272
0.539968
0.54256
0.540672
0.540672
0.542144
0.541344
0.542368
0.544768
0.544768
0.541856
0.54176
0.542368
0.54192
0.540672
0.542624
0.536576
0.544768
0.540672
0.541568
0.540672
0.544416
0.540576
0.540032
0.562528
0.565312
0.561504
0.560928
0.562176
0.564128
0.560064
0.561152
0.563648
0.563488
0.561568
0.561664
0.5616
0.561504
0.562336
0.561248
0.56368
0.55984
0.563104
0.56112
0.56128
0.561088
0.5632
0.559104
0.558592
0.562944
0.561216
0.561472
0.560896
0.563232
0.561504
0.561472
0.56144
0.561152
0.5632
0.561344
0.550688
0.546688
0.546208
0.549568
0.54704
0.547072
0.54752
0.546592
0.54784
0.546784
0.547296
0.54816
0.546816
0.545664
0.546912
0.544768
0.54704
0.546816
0.545792
0.55296
0.546816
0.550016
0.547712
0.545664
0.548864
0.545248
0.545312
0.546816
0.545312
0.546816
0.547808
0.546496
0.545344
0.546816
0.546848
0.555072
0.571264
0.568704
0.569344
0.571328
0.569888
0.5696
0.569312
0.572448
0.571392
0.569536
0.5696
0.57072
0.571456
0.569344
0.570112
0.57152
0.574528
0.571552
0.57344
0.569344
0.569344
0.569792
0.569344
0.5696
0.57152
0.567904
0.573792
0.570528
0.570368
0.571392
0.571904
0.57152
0.5704
0.57104
0.57296
0.571392
0.569664
0.570592
0.565504
0.552096
0.552736
0.553248
0.55296
0.548928
0.55312
0.553376
0.551616
0.55312
0.55296
0.553056
0.5528
0.551584
0.554848
0.558336
0.551552
0.553824
0.554816
0.55312
0.551616
0.552992
0.553088
0.553216
0.552768
0.552992
0.55296
0.553184
0.551744
0.553024
0.552512
0.553344
0.551648
0.55296
0.55296
0.55344
0.55296
0.58016
0.58368
0.585184
0.581632
0.583168
0.582816
0.581632
0.581632
0.581312
0.583264
0.58352
0.585728
0.581632
0.583072
0.581024
0.585024
0.585344
0.583616
0.58288
0.58368
0.581856
0.58352
0.583616
0.58368
0.583136
0.58368
0.583648
0.58368
0.581664
0.58288
0.583136
0.583072
0.585728
0.581632
0.582016
0.583328
0.582272
0.585024
0.583648
0.566976
0.564832
0.568608
0.565472
0.56288
0.568736
0.56368
0.567008
0.564224
0.569344
0.566432
0.565344
0.566624
0.564672
0.56704
0.564768
0.56544
0.563456
0.567296
0.56736
0.566464
0.564864
0.565248
0.564544
0.563264
0.5632
0.5632
0.565248
0.56336
0.56528
0.564576
0.564832
0.563488
0.564608
0.565952
0.56496
0.565248
0.585728
0.585536
0.585728
0.58368
0.58368
0.586944
0.58368
0.58656
0.585568
0.58368
0.583776
0.58544
0.584736
0.585728
0.58368
0.582432
0.58368
0.58368
0.585728
0.584576
0.58368
0.582208
0.58368
0.583392
0.585728
0.58368
0.58368
0.58368
0.58464
0.586944
0.58368
0.58368
0.5848
0.583392
0.583648
0.58368
0.584544
0.58368
0.58368
0.58368
0.571392
0.569472
0.571104
0.572992
0.570848
0.573344
0.573216
0.569376
0.576512
0.570432
0.571392
0.570336
0.575264
0.571392
0.571392
