1.15098
1.15712
1.3968
1.16134
1.16122
1.15917
1.15859
1.14893
1.31072
1.34963
1.15917
1.15917
1.16122
1.15632
1.1735
1.34397
1.1576
1.16246
1.16061
1.15882
1.16483
1.15501
1.39469
1.16128
1.16122
1.15741
1.16467
1.16483
1.15507
1.16026
1.16016
1.15917
1.16122
1.15859
1.15952
1.16502
1.16163
1.15936
1.16477
1.15507
1.15686
1.15302
1.15891
1.16003
1.16189
1.15834
1.15226
1.1567
1.15712
1.39674
1.16576
1.15107
1.15011
1.16067
1.16122
1.17971
1.43952
1.16374
1.16298
1.15917
1.15846
1.16432
1.16243
1.40179
1.16598
1.16045
1.15507
1.15712
1.15917
1.1585
1.18768
1.16102
1.15546
1.16122
1.16122
1.15878
1.15712
1.1817
1.34758
1.1609
1.15894
1.16141
1.15696
1.1583
1.1585
1.42461
1.16611
1.15712
1.15859
1.16026
1.15917
1.16326
1.51552
1.15984
1.16067
1.15882
1.16285
1.16022
1.16326
1.15712
1.43053
1.16125
1.15613
1.15482
1.16442
1.16243
1.15296
1.40563
1.15882
1.16298
1.16509
1.15878
1.15818
1.16086
1.18573
1.15718
1.16122
1.16256
1.15917
1.15619
1.15917
1.15987
1.33674
1.15206
1.15888
1.15712
1.15917
1.16093
1.33066
1.16182
1.15917
1.15869
1.15712
1.16653
1.16122
1.18125
1.50323
1.16442
1.16326
1.15917
1.16531
1.16122
1.1735
1.15891
1.15878
1.1607
1.16531
1.15507
1.15917
1.16019
1.42074
1.16
1.16429
1.1567
1.15904
1.15709
1.15485
1.1817
1.16352
1.16122
1.15843
1.15917
1.15878
1.1583
1.15712
1.40902
1.16554
1.16122
1.15507
1.15712
1.16086
1.15917
1.1817
1.16208
1.16058
1.16234
1.16432
1.15507
1.15917
1.16106
1.39866
1.16058
1.15712
1.15712
1.15453
1.16122
1.15699
1.16646
1.16426
1.15917
1.1585
1.15693
1.16122
1.15712
1.41174
1.16006
1.15917
1.16326
1.15917
1.1617
1.16291
1.18576
1.16582
1.15712
1.15693
1.16435
1.16326
1.15859
1.15712
1.39712
1.15808
1.15875
1.16122
1.15712
1.16019
1.15709
1.34336
1.1568
1.15917
1.15917
1.15712
1.15712
1.18333
1.3455
1.16429
1.15635
1.16058
1.15616
1.15885
1.15302
1.3464
1.16102
1.15712
1.15773
1.15536
1.16122
1.15917
1.3576
1.15917
1.15917
1.16051
1.15917
1.15917
1.15712
1.15917
1.1599
1.15856
1.16122
1.16122
1.15533
1.1607
1.40608
1.16163
1.15917
1.16122
1.15712
1.15574
1.15712
1.18128
1.16541
1.16531
1.15878
1.1607
1.16326
1.16022
1.15661
1.41462
1.16218
1.16035
1.16026
1.15712
1.15891
1.15968
1.18925
1.16371
1.16166
1.1584
1.16096
1.16122
1.15667
1.17146
1.34221
1.15917
1.15917
1.16326
1.15126
1.15917
1.16122
1.41926
1.16288
1.16445
1.15712
1.15667
1.15712
1.15507
1.1735
1.16598
1.15507
1.15834
1.16074
1.15712
1.16176
1.16906
1.16413
1.15523
1.15712
1.15712
1.1592
1.16531
1.50496
1.16221
1.15917
1.15917
1.16326
1.16326
1.15843
1.15616
1.43123
1.16118
1.15917
1.16326
1.1664
1.15712
1.15773
1.47866
1.16339
1.16061
1.15878
1.15917
1.15894
1.15862
1.17834
1.17008
1.16074
1.16077
1.15917
1.15917
1.16291
1.15782
1.41866
1.15917
1.15914
1.15917
1.16243
1.16486
1.15917
1.43018
1.15712
1.15578
1.15917
1.16074
1.15917
1.15334
1.16531
1.35469
1.16051
1.16326
1.15779
1.15917
1.16326
1.18157
1.1599
1.16054
1.1567
1.16064
1.16269
1.15248
1.16096
1.35142
1.16195
1.15744
1.16112
1.1607
1.16038
1.16122
1.18374
1.16394
1.16122
1.16147
1.15821
1.15507
1.15693
1.1849
1.16394
1.15712
1.15712
1.16122
1.15098
1.15712
1.42976
1.164
1.16307
1.16326
1.15478
1.16122
1.15875
1.33786
1.35434
1.16326
1.15507
1.16262
1.16122
1.15917
1.15645
1.45126
1.16384
1.15709
1.15917
1.15917
1.15632
1.1648
1.41213
1.16214
1.15578
1.16326
1.15712
1.16099
1.1567
1.18326
1.16336
1.15907
1.16102
1.16435
1.16122
1.16115
1.15507
1.35085
1.16202
1.16259
1.15712
1.16122
1.16122
1.15917
1.18358
1.16326
1.15712
1.15856
1.15939
1.16192
1.16019
1.18349
1.35043
1.15507
1.15722
1.16019
1.16531
1.16122
1.16032
1.4144
1.16435
1.15917
1.16122
1.16122
1.15712
1.15917
1.48595
1.15786
1.16122
1.16298
1.16275
1.16131
1.15917
1.17965
1.4983
1.16621
1.15917
1.15917
1.15917
1.1585
1.15226
1.3535
1.1617
1.15712
1.1543
1.15085
1.15344
1.18355
1.41312
1.16579
1.16048
1.15917
1.15859
1.15411
1.17146
1.15507
1.15507
1.15616
1.15213
1.15712
1.1544
1.4377
1.15776
1.15744
1.16288
1.16122
1.15843
1.33472
1.1592
1.15507
1.1608
1.16326
1.15917
1.1607
1.16736
1.16538
1.15507
1.16304
1.16243
1.16294
1.15917
1.18346
1.15795
1.16326
1.1585
1.15894
1.15917
1.15712
1.18579
1.16461
1.16051
1.15466
1.1609
1.16112
1.15507
1.16438
1.41722
1.16218
1.15629
1.16326
1.16051
1.16883
1.16269
1.18784
1.16317
1.15571
1.15648
1.16067
1.15914
1.15872
1.16013
1.3543
1.15478
1.16253
1.16326
1.16122
1.15917
1.16122
1.1793
1.16816
1.16122
1.15926
1.16262
1.1609
1.15712
1.18374
1.15302
1.15699
1.15891
1.15917
1.15917
1.15917
1.15651
1.42746
1.16477
1.15891
1.16442
1.16122
1.15686
1.15712
1.15098
1.34221
1.16544
1.16675
1.1585
1.15901
1.1487
1.42048
1.1641
1.16326
1.15917
1.16326
1.16288
1.15283
1.41635
1.1632
1.16061
1.16266
1.16077
1.15552
1.16122
1.33898
1.1641
1.15958
1.15779
1.16304
1.15974
1.15834
1.15507
1.42682
1.16125
1.15917
1.16186
1.16192
1.16058
1.1576
1.18784
1.16387
1.16224
1.16122
1.15917
1.16106
1.15507
1.1776
1.17002
1.16317
1.15917
1.15872
1.15869
1.16122
1.1591
1.15907
1.16403
1.15098
1.15859
1.16122
1.16285
1.16326
1.18362
1.16806
1.15507
1.15584
1.16134
1.16656
1.16326
1.15917
1.41683
1.1615
1.16122
1.16458
1.15712
1.16326
1.16093
1.18189
1.15616
1.15917
1.15712
1.16224
1.16122
1.16122
1.16122
1.43117
1.16554
1.15712
1.16176
1.1561
1.16122
1.15917
1.42541
1.1623
1.1591
1.16288
1.16246
1.16285
1.16045
1.30941
1.16122
1.15507
1.15846
1.15917
1.15946
1.15261
1.15741
1.16333
1.15712
1.16246
1.16122
1.1585
1.15712
1.29334
1.36102
1.16611
1.16054
1.15994
1.16259
1.15507
1.17146
1.35578
1.16122
1.15635
1.16122
1.15882
1.16122
1.15917
1.18362
1.16198
1.15917
1.16061
1.16122
1.1585
1.15712
1.15674
1.34755
1.15712
1.16461
1.16106
1.15917
1.15712
1.15853
1.4135
1.15786
1.1649
1.16048
1.15917
1.16045
1.15712
1.17197
1.16979
1.15917
1.15917
1.15488
1.15565
1.16326
1.15917
1.4295
1.16419
1.16122
1.16022
1.15917
1.16326
1.15891
1.18112
1.164
1.15917
1.16122
1.16122
1.16122
1.15712
1.15917
1.42717
1.16256
1.16042
1.16326
1.16189
1.15917
1.1609
1.18483
1.16307
1.15776
1.15955
1.16454
1.15984
1.15645
1.1735
1.41478
1.16166
1.15709
1.15856
1.15917
1.16531
1.17517
1.16736
1.15917
1.15917
1.15888
1.15901
1.15917
1.1609
1.4377
1.16397
1.15629
1.16326
1.15763
1.15978
1.15917
1.17965
1.15302
1.16326
1.15862
1.16307
1.16266
1.15507
1.33485
1.16566
1.15917
1.16189
1.15917
1.15878
1.15843
1.18621
1.4985
1.16531
1.16061
1.15917
1.15955
1.16326
1.15917
1.41696
1.16339
1.15712
1.16122
1.16326
1.16054
1.14886
1.42131
1.16189
1.15821
1.16326
1.16122
1.15302
1.1585
1.1776
1.16992
1.16531
1.16432
1.15712
1.15302
1.16096
1.1776
1.17184
1.15974
1.15917
1.15917
1.15712
1.15853
1.16122
1.42131
1.15917
1.15712
1.15702
1.15875
1.16326
1.15885
1.39059
1.16195
1.15101
1.15952
1.16326
1.15507
1.18579
1.34403
1.15952
1.15731
1.16122
1.1536
1.1497
1.40083
1.15699
1.18163
1.15917
1.16707
1.15638
1.15302
1.16074
1.15904
1.16243
1.15098
1.15283
1.31562
1.15773
1.1568
1.16224
1.15885
1.15712
1.15446
1.15098
1.16138
1.15917
1.15859
1.15312
1.15488
1.17824
1.16259
1.16122
1.15712
1.15434
1.15568
1.15712
1.41466
1.16202
1.15712
1.15878
1.15712
1.15302
1.40765
1.16307
1.15507
1.16294
1.15302
1.15459
1.15478
1.16106
1.18048
1.15293
1.16122
1.15827
1.15507
1.40698
1.15946
1.15507
1.15875
1.15939
1.15507
1.16141
1.41357
1.15792
1.15917
1.15958
1.15507
1.16259
1.17894
1.37014
1.15795
1.15712
1.15917
1.1607
1.15616
1.15914
1.15507
1.15507
1.15654
1.15958
1.15046
1.1776
1.15325
1.15712
1.15613
1.16102
1.15907
1.15302
1.35027
1.16205
1.15568
1.16093
1.15917
1.1577
1.1735
1.35267
1.15779
1.16326
1.16122
1.15866
1.15712
1.43565
1.15939
1.15853
1.1585
1.15712
1.15846
1.1817
1.15968
1.15917
1.15507
1.15856
1.15478
1.15693
1.15622
1.15917
1.15245
1.15712
1.15917
1.1561
1.17965
1.17024
1.15917
1.1591
1.15917
1.15846
1.15466
1.1776
1.15904
1.15405
1.1592
1.15907
1.15875
1.16122
1.39181
1.16326
1.15987
1.16122
1.15872
1.16086
1.15917
1.41917
1.16554
1.16499
1.1631
1.15994
1.1577
1.16045
1.15744
1.16342
1.15507
1.16038
1.15712
1.15507
1.16941
1.35178
1.1551
1.15821
1.15408
