MY-VER
1.58826
1.60154
1.58662
1.85139
1.78726
1.59696
1.5848
1.58653
1.58925
1.59926
1.5913
1.58925
1.5888
1.5913
1.59949
1.5919
1.77347
1.5872
1.5913
1.58106
1.58314
1.5872
1.5913
1.60355
1.59021
1.58106
1.5831
1.59229
1.58666
1.5913
1.58675
1.58925
1.58106
1.59107
1.58045
1.83501
1.58733
1.5913
1.58221
1.59974
1.58925
1.82682
1.58464
1.59123
1.58298
1.58925
1.58925
1.59242
1.76912
1.58925
1.58698
1.59264
1.58758
1.59139
1.58925
1.58925
1.58682
1.59334
1.58925
1.59334
1.84906
1.5872
1.5921
1.59264
1.5831
1.60054
1.57866
1.58925
1.5856
1.59539
1.5888
1.59322
1.58307
1.77197
1.59322
1.59843
1.58518
1.59734
1.58515
1.76973
1.59037
1.5831
1.5831
1.59622
1.57901
1.84323
1.5952
1.58896
1.5825
1.58288
1.71622
1.58483
1.59539
1.58515
1.57901
1.59334
1.58314
1.59334
1.59104
1.58928
1.59027
1.58982
1.82554
1.59539
1.5872
1.59632
1.58666
1.58717
1.83696
1.59744
1.59114
1.58269
1.58515
1.5903
1.58842
1.59539
1.59744
1.5888
1.59539
1.59011
1.58931
1.59046
1.58106
1.5952
1.57907
1.8391
1.59322
1.57901
1.59107
1.59821
1.74307
1.59293
1.58883
1.58106
1.58515
1.58182
1.59334
1.58611
1.5872
1.59334
1.58509
1.5872
1.58435
1.59037
1.60054
1.58893
1.58925
1.5872
1.76694
1.59181
1.5872
1.59334
1.59715
1.58605
1.8487
1.58957
1.59334
1.5913
1.59539
1.59917
1.83277
1.5913
1.5831
1.58515
1.58515
1.58909
1.58925
1.59334
1.59251
1.59245
1.588
1.59949
1.57798
1.58003
1.58106
1.58515
1.58106
1.5905
1.84493
1.59539
1.59238
1.58429
1.5831
1.58925
1.57898
1.7727
1.59069
1.58515
1.59904
1.58515
1.83686
1.59405
1.58554
1.58698
1.59888
1.58506
1.84947
1.59686
1.57901
1.59088
1.59334
1.58029
1.76528
1.59728
1.57827
1.5913
1.59334
1.58515
1.76586
1.59539
1.58925
1.58682
1.59418
1.58925
1.83706
1.5976
1.59101
1.58611
1.59949
1.58326
1.83293
1.59098
1.59539
1.58515
1.58106
1.58714
1.85139
1.58954
1.5913
1.58925
1.5872
1.59539
1.59331
1.58758
1.59133
1.59274
1.57901
1.60445
1.57901
1.77971
1.58717
1.5911
1.58925
1.59648
1.5872
1.83709
1.58941
1.59795
1.58678
1.57994
1.58486
1.84115
1.59949
1.59334
1.58502
1.58925
1.58515
1.76963
1.58557
1.59094
1.57696
1.59638
1.57696
1.84672
1.59539
1.58906
1.58925
1.58515
1.58634
1.5913
1.5872
1.5903
1.58624
1.60122
1.58102
1.59866
1.58864
1.59181
1.59037
1.59027
1.84221
1.5937
1.58589
1.5967
1.5927
1.5831
1.84541
1.5968
1.59008
1.5839
1.59744
1.59709
1.77072
1.5872
1.58912
1.57882
1.59421
1.5881
1.8432
1.58515
1.58768
1.5872
1.57946
1.59334
1.83091
1.59491
1.59334
1.58646
1.58304
1.5913
1.59085
1.58794
1.59334
1.5913
1.5872
1.59744
1.5831
1.77357
1.5913
1.58838
1.58925
1.5913
1.5913
1.84742
1.58838
1.59261
1.5913
1.59539
1.5911
1.83091
1.59059
1.59315
1.58515
1.58925
1.59312
1.84627
1.59485
1.59014
1.58522
1.59232
1.58435
1.824
1.59062
1.59411
1.58845
1.5904
1.58051
1.59258
1.59162
1.5913
1.5871
1.5831
1.5872
1.91222
1.58666
1.58989
1.58515
1.58646
1.5913
1.73875
1.59744
1.59949
1.59117
1.59914
1.58925
1.5872
1.76989
1.59677
1.5808
1.59101
1.5913
1.7992
1.76534
1.59494
1.5872
1.58515
1.5809
1.86749
1.5872
1.59334
1.58515
1.59101
1.58832
1.59539
1.59334
1.60154
1.58301
1.5831
1.59539
1.58864
1.58874
1.58925
1.59088
1.58995
1.59523
1.58925
1.58125
1.58352
1.58925
1.5913
1.58106
1.5913
1.58902
1.59667
1.58682
1.5831
1.57696
1.84554
1.5976
1.58982
1.5888
1.59744
1.5913
1.8391
1.58118
1.58662
1.58662
1.58432
1.57686
1.59539
1.58291
1.58106
1.59274
1.91258
1.5791
1.5872
1.58368
1.58976
1.58515
1.5913
1.76893
1.58771
1.5863
1.5872
1.58061
1.82893
1.5872
1.58419
1.58874
1.5863
1.74285
1.77162
1.58429
1.5913
1.57792
1.5913
1.72032
1.59664
1.58515
1.58477
1.58342
1.5913
1.72131
1.76835
1.5831
1.58826
1.5831
1.59443
1.8985
1.5913
1.59082
1.58262
1.5887
1.60701
1.74835
1.78115
1.5872
1.5929
1.5872
1.60598
1.58682
1.76941
1.59082
1.58618
1.58106
1.58013
1.83904
1.59539
1.58861
1.58419
1.58515
1.58854
1.76947
1.5887
1.5977
1.58579
1.5831
1.5913
1.58912
1.59126
1.59539
1.58531
1.57894
1.5913
1.60138
1.58893
1.58925
1.59251
1.59123
1.59802
1.5872
1.8391
1.58902
1.59539
1.58515
1.58202
1.5831
1.83414
1.83414
1.58842
1.57901
1.60154
1.58906
1.5848
1.5831
1.59043
1.57642
1.58938
1.58515
1.59661
1.58694
1.58474
1.72
1.77088
1.58368
1.59133
1.58925
1.5913
1.58723
1.78486
1.59539
1.59309
1.58925
1.60125
1.5913
1.85226
1.59158
1.5872
1.5831
1.58227
1.58464
1.84826
1.59677
1.59334
1.58515
1.59949
1.5872
1.58896
1.5872
1.59334
1.5831
1.58899
1.5888
1.85779
1.58557
1.58224
1.57901
1.59261
1.58509
1.83091
1.59744
1.5871
1.57901
1.58979
1.58678
1.83706
1.58538
1.58739
1.59334
1.5913
1.5831
1.78381
1.5872
1.59728
1.58272
1.5919
1.58634
1.84272
1.59744
1.59107
1.58944
1.5913
1.57856
1.83027
1.58925
1.58515
1.58256
1.59053
1.57901
1.83357
1.59171
1.58637
1.58925
1.5913
1.5872
1.83718
1.59453
1.5863
1.5913
1.58893
1.57082
1.77766
1.59114
1.59334
1.58515
1.59334
1.58826
1.77152
1.59328
1.59059
1.5841
1.59744
1.58694
1.58266
1.58602
1.5897
1.58029
1.59331
1.5872
1.59539
1.5831
1.5913
1.58662
1.58896
1.58723
1.72022
1.76317
1.59744
1.5849
1.59283
1.5831
1.58784
1.84285
1.58758
1.5831
1.58682
1.59539
1.5872
1.58621
1.58733
1.58925
1.59539
1.58925
1.59309
1.58925
1.58864
1.58925
1.58493
1.5872
1.5927
1.58515
1.8391
1.59334
1.58797
1.58042
1.59331
1.5831
1.83091
1.58541
1.58592
1.5831
1.58669
1.58186
1.76851
1.5831
1.59069
1.5913
1.59027
1.58227
1.7672
1.58925
1.58896
1.58515
1.59696
1.58515
1.76557
1.58861
1.58515
1.59306
1.5872
1.5913
1.58938
1.59722
1.5831
1.58874
1.58925
1.58842
1.59869
1.58925
1.58909
1.58515
1.58835
1.5831
1.77027
1.58854
1.5913
1.5913
1.59744
1.58925
1.84317
1.58573
1.5872
1.58413
1.59334
1.57696
1.7721
1.59046
1.59446
1.57837
1.59539
1.57082
1.77766
1.59098
1.58515
1.58714
1.5872
1.58851
1.77293
1.58611
1.58515
1.58106
1.59587
1.58016
1.59334
1.58845
1.5913
1.5872
1.59222
1.58973
1.83795
1.58746
1.59034
1.58605
1.59309
1.58096
1.84282
1.5913
1.58314
1.5889
1.59011
1.5841
1.83341
1.58883
1.58515
1.58106
1.58925
1.58515
1.84701
1.59059
1.59539
1.58422
1.59334
1.5951
1.83091
1.59299
1.59235
1.59315
1.59434
1.58515
1.58986
1.59232
1.58925
1.58925
1.5872
1.58515
1.59725
1.75315
1.59334
1.58515
1.59699
1.5831
1.5913
1.8432
1.59222
1.58925
1.59107
1.59312
1.58688
1.83616
1.59491
1.5929
1.5913
1.5841
1.58947
1.58038
1.7744
1.59504
1.59907
1.58624
1.60154
1.58416
1.82854
1.58771
1.59334
1.58515
1.59088
1.58723
1.5913
1.59446
1.5913
1.5897
1.58634
1.58605
1.58515
1.58947
1.5872
1.58208
1.58854
1.58461
1.58512
1.84992
1.60154
1.59066
1.5831
1.59014
1.58224
1.76947
1.58925
1.58269
1.58925
1.58288
1.59254
1.86346
1.59728
1.5865
1.58259
1.59949
1.58477
1.83245
1.59373
1.58909
1.58634
1.58259
1.58515
1.5872
1.59158
1.5872
1.58477
1.58688
1.58426
1.58829
1.59178
1.58925
1.58925
1.57898
1.60339
1.59334
1.8473
1.5872
1.59744
1.59334
1.58515
1.58925
1.59312
1.59258
1.58925
1.58643
1.58826
1.59462
1.58925
1.84922
1.59539
1.59299
1.5872
1.5944
1.58621
1.83648
1.59434
1.58653
1.5872
1.58621
1.58822
1.58515
1.59274
1.58515
1.58682
1.58899
1.59242
1.57802
1.59334
1.58106
1.59091
1.5807
1.59267
1.58294
1.59322
1.59261
1.59482
1.59085
1.58422
1.82502
1.59229
1.58646
1.5831
1.5865
1.59283
1.57696
1.77507
1.58886
1.58416
1.58282
1.58874
1.9024
1.5872
1.58518
1.5872
1.58173
1.58496
1.58413
1.86982
1.58467
1.58842
1.58883
1.58912
1.5825
1.76538
1.5913
1.59238
1.5831
1.58902
1.57824
1.83962
1.59232
1.59904
1.58515
1.5872
1.58326
1.58925
1.59709
1.59331
1.58515
1.5881
1.59744
1.58678
1.8391
1.76474
1.59731
1.58259
1.5831
1.58854
1.74035
1.59245
1.58797
1.58771
1.5801
1.59872
1.58093
1.83882
1.58963
1.59347
1.58442
1.59232
1.58106
1.59123
1.59747
1.59437
1.58029
1.59334
1.58419
1.5872
1.77971
1.59075
1.58438
1.58515
1.58819
1.73357
1.58989
1.5944
1.57901
1.5872
1.59744
1.58515
1.86778
1.58323
1.58896
1.58906
1.59443
1.58925
1.83798
1.5913
1.58442
1.5831
1.58106
1.58813
1.58822
1.59619
1.59334
1.57491
1.58707
1.59085
1.58467
1.58106
1.5913
1.59334
1.58474
1.59264
1.5831
1.59744
1.59181
1.58925
