DICE
1.98042
2.23376
2.16678
1.98656
1.98656
1.98861
1.98861
2.21424
2.00256
1.9872
1.9831
1.99206
1.98698
1.98371
2.00019
1.98656
1.99155
1.99027
1.98778
1.98246
2.17453
2.16883
1.98861
1.98246
1.98685
1.98893
2.24448
2.16064
1.98963
1.98579
1.98451
1.97344
2.21782
2.17267
1.98077
1.97914
1.98774
1.98451
1.98246
2.1888
1.98157
1.97491
1.98314
1.98493
2.33773
2.28749
2.16038
1.9927
1.98144
1.9793
1.9799
1.99523
1.98384
1.98042
1.98387
1.98448
2.32192
2.17517
1.9815
1.98048
1.99229
1.97837
1.99082
2.17421
1.98166
1.99277
1.98931
1.98646
2.17702
1.98346
1.98042
1.98954
1.98749
1.99475
1.99718
1.98736
1.98931
1.98746
1.98422
1.98861
2.17622
1.98246
1.98342
1.98451
1.9856
1.98653
2.16298
1.98675
1.97955
1.9943
1.98429
1.9857
2.1751
1.9896
1.98211
1.98144
1.99437
1.98579
2.17437
1.984
1.97837
1.9785
1.98915
2.33107
1.99718
1.98246
1.9745
1.98627
1.98346
1.97574
1.98861
1.98528
1.98765
1.98848
1.98656
2.16269
1.98896
1.98838
1.98403
1.984
1.98349
2.1761
1.98237
1.98685
1.98349
1.98819
1.97603
2.17738
2.15245
1.98413
1.9815
1.98672
1.98246
1.9928
1.98861
1.98618
1.98246
1.99059
2.30077
2.17869
1.98246
1.9823
1.98832
1.9927
1.984
2.17498
2.15654
1.98432
1.98579
1.98656
1.98042
1.99885
1.98656
1.99037
1.98656
1.97632
2.15853
1.98301
1.97837
1.98979
1.98861
1.98451
2.22269
2.16416
1.98246
1.99037
1.98138
1.9863
1.9927
1.98381
1.98246
1.98595
1.98282
1.98829
2.17066
1.98573
1.97974
1.99066
1.98547
2.33133
2.16189
1.98979
1.98131
1.98656
1.98448
1.98042
2.18256
1.99974
1.98035
1.98451
1.97949
1.98941
1.99594
1.98822
1.98038
1.98778
1.98451
1.99248
2.17216
1.99037
1.97798
1.98518
1.98218
1.98451
2.16394
1.98438
1.98557
1.98445
1.99162
1.98957
2.1801
2.17245
1.98042
1.98346
1.98861
1.98861
2.22822
2.1807
1.98829
1.99168
1.98154
1.9864
2.2231
2.16986
2.17443
1.98758
1.98544
1.99043
2.32448
2.17395
2.16026
1.9863
1.98406
1.98323
2.31219
2.17872
2.17859
1.98451
1.97427
1.98362
1.98486
2.16618
1.99066
1.98726
1.97632
1.98246
1.98221
1.9887
1.9768
1.98349
1.98656
2.16339
1.99066
1.97837
1.98125
1.98858
1.99066
1.97837
2.28147
1.98803
1.98134
1.98861
1.98067
2.24707
1.9927
1.98246
1.98442
1.98656
1.98954
1.98458
1.98906
1.98234
1.9936
1.99046
1.98803
1.9903
1.98358
1.98656
1.98349
1.99066
2.14221
2.17226
1.99046
1.99066
1.98243
1.98678
1.98221
2.2201
1.99267
1.98928
1.98451
1.9855
1.97837
2.23398
2.17293
1.98861
1.9888
1.98147
1.97827
2.25389
2.17414
1.98954
1.97712
1.98451
1.98246
2.24755
2.17498
1.98061
1.98624
1.97926
1.98835
2.22413
2.00182
1.99971
1.97786
1.98806
1.98394
2.22192
1.99427
1.98189
1.97683
1.984
1.97901
2.16234
1.98963
1.9737
1.98349
1.99066
1.98189
2.23645
2.16973
1.98656
1.98186
1.99389
1.98563
2.25894
2.1649
1.99203
1.98771
1.98771
1.9881
2.16509
1.98544
1.98205
1.98451
1.98595
1.98755
2.22806
1.98723
1.9927
1.98522
1.9927
1.98214
1.992
2.16954
1.99178
1.98138
1.98838
1.98246
1.98614
2.15632
1.98451
1.98042
1.99178
1.97699
1.98323
2.22934
1.98346
1.98563
1.98739
1.97872
1.99155
1.99066
1.98346
1.98544
1.99066
1.98448
1.98
1.98672
1.98656
1.98134
1.98589
1.98979
2.21901
1.99869
1.98656
1.97917
1.98042
1.98349
2.23366
2.16899
1.97424
1.98406
1.97837
1.97427
1.97843
1.98246
1.9912
1.98861
1.98246
2.23789
1.99696
1.98762
1.98109
1.97837
1.98771
2.22931
1.98707
1.98547
1.98928
1.98026
1.98541
2.23517
1.98995
1.98042
1.98656
1.98106
1.98822
2.17674
1.9928
1.98093
1.98336
1.98534
1.97837
2.17642
1.98493
1.98246
1.98586
1.98346
1.99254
2.16166
1.98339
1.99152
1.99066
1.98451
1.98656
1.99341
1.99597
1.98765
1.98682
1.98451
1.9927
1.97869
1.98522
1.98477
1.98563
1.98451
1.98576
2.15654
1.98483
1.97984
1.98579
1.98202
1.98547
2.15654
1.98246
1.98451
1.98634
1.98579
1.98013
2.16208
1.98419
1.98637
1.98563
1.98246
2.2319
1.99542
1.99066
1.97427
1.98861
1.98237
1.97603
2.17504
1.98416
1.98726
1.98336
1.97536
2.22061
2.0009
1.97427
1.98627
1.99059
1.98246
2.24029
1.98246
1.98627
1.97597
1.98416
1.99014
2.00362
1.99184
1.97827
1.98051
1.99066
2.17456
1.99885
1.98656
1.97837
1.97939
2.2968
1.98336
1.98563
1.9927
1.98451
1.97344
1.98246
2.18547
2.16003
1.98138
1.98394
1.98394
2.16304
2.15853
1.97747
1.98451
1.97878
1.98525
2.16397
1.98134
1.98861
1.98202
1.97462
2.32886
2.16762
2.28922
1.98131
1.98451
1.9833
2.27322
2.16474
1.98861
1.98854
1.98861
1.97936
2.26918
2.17306
1.98246
1.98246
1.98042
1.98246
2.16896
1.98208
1.98246
1.98643
1.98112
1.98042
2.22845
2.17702
1.98438
1.98346
1.98547
1.98429
1.98861
1.99466
1.98627
1.98083
1.98451
1.97837
2.22448
1.98861
1.98656
1.98851
1.99267
1.97949
2.24067
1.98963
1.97731
1.98451
1.9895
1.98451
1.98246
1.9904
1.98256
1.98768
1.98246
1.99258
1.97901
2.22915
1.98346
1.98842
1.97837
1.98656
1.98042
2.24058
1.99629
1.98656
1.9855
1.98685
1.97834
2.2584
2.19933
1.98042
1.98579
1.99037
1.98314
1.9976
2.27533
2.16541
1.97837
1.98246
1.97786
2.22618
1.98246
1.98963
2.12803
1.98451
1.97747
1.99062
2.17907
1.97805
1.98451
1.98403
1.98451
2.20528
1.98419
1.98086
1.9824
1.98339
1.98246
2.27123
2.15859
1.98656
1.98512
1.98656
1.98246
2.2232
1.97632
1.98656
1.98064
1.98656
1.97782
2.22618
2.17702
1.98851
1.98963
1.98656
1.98352
1.98502
2.17293
1.98899
1.98451
1.99344
1.98042
1.98515
2.21389
1.98451
1.98451
1.98451
1.98656
1.98819
1.98211
1.98045
1.98246
1.9881
1.99066
1.9833
2.32323
1.98346
1.98848
1.98656
1.98861
1.99066
2.12723
1.98746
1.97949
1.98656
1.98966
1.98451
1.98656
2.17392
2.1673
1.98573
2.13334
1.98042
2.31014
2.16982
1.9895
1.98237
1.98624
1.97798
2.35677
2.16678
1.97837
1.98861
1.98861
1.98518
2.14842
1.99037
1.98282
1.9896
1.98803
1.98339
2.12992
2.17789
2.16787
1.99066
1.98154
1.99622
2.30605
2.1975
2.16474
1.99232
1.99606
1.97962
1.97936
2.17587
2.17475
1.98963
1.98656
1.98656
1.99066
1.99846
1.98573
1.98742
1.99824
1.9855
1.98042
2.22083
2.16474
2.17792
1.98861
1.98758
1.98173
1.98704
2.18134
1.98915
1.9872
1.98656
1.98246
1.97373
1.99066
1.98586
1.98941
1.9791
1.97725
1.97837
2.23594
1.9785
1.97731
1.99066
1.98656
1.9801
2.17293
1.98666
1.99066
1.98835
1.99475
1.98451
1.98765
2.16717
1.98557
1.98218
1.98451
1.98416
1.98339
1.99885
1.97904
1.9968
1.98403
1.99139
1.97715
2.17498
1.98102
1.98502
1.98131
1.98752
1.97837
2.22822
1.99091
1.99347
1.98656
1.98486
1.98346
1.98246
2.1768
1.99219
1.97968
1.9927
1.98534
1.98419
2.17386
1.98506
1.98861
1.98554
1.9855
1.98042
2.24035
1.98861
1.97837
1.98579
1.98432
1.97882
2.24666
2.16794
2.15578
1.97837
1.98742
1.98861
1.98656
2.17293
1.98131
1.98378
1.99005
1.97222
2.17677
2.12813
1.97341
1.98861
1.98656
1.98861
2.17088
1.98234
1.98048
1.98163
1.97632
2.27251
1.98438
1.98042
1.98211
1.98323
2.32243
1.98806
1.98656
1.97702
1.98653
1.9872
2.24461
1.98752
1.97914
1.98451
1.97955
2.22208
1.98246
1.98656
1.97994
1.98861
1.98656
1.98995
1.98042
1.98656
1.99168
1.98656
1.97846
1.97946
1.98656
1.9841
1.98861
1.98246
2.22771
1.9896
1.98042
1.99475
1.99338
1.98349
2.17626
1.9887
1.98566
1.9927
1.98384
1.98531
2.16474
1.98669
1.98339
1.98634
1.98067
1.98906
1.99459
1.98563
1.98451
1.97946
1.97427
1.98765
1.98349
1.98451
1.97766
1.98291
1.98451
2.17261
1.98307
1.97632
1.98042
1.98435
2.2649
2.16858
1.98246
1.98342
1.98394
2.31235
2.18022
1.98906
1.98397
1.9881
1.98246
1.98893
2.20176
2.15626
1.97827
1.98656
1.97994
1.98861
2.18269
1.98451
1.98554
1.98656
1.9864
1.98861
1.98861
1.99283
1.98656
1.99066
1.98317
1.98749
2.28422
1.98451
1.988
1.98746
1.98451
1.98931
2.16218
1.98656
1.98038
1.9897
1.97632
1.98656
2.18346
1.99235
1.98243
1.9927
1.98246
1.98963
2.16669
1.98861
1.98246
1.9903
1.98803
1.97837
2.2463
2.18038
1.98778
1.98451
1.98298
1.97933
2.22918
1.99331
1.98656
1.98861
1.98531
1.9816
1.98822
2.17997
1.98269
1.98614
1.9841
1.98864
2.22285
1.98554
1.98355
1.98714
1.98042
1.97402
1.99667
1.98192
1.97315
1.99677
1.97949
2.33267
1.9968
1.98547
1.98298
1.97581
1.97686
1.98333
2.1663
1.97949
1.97837
1.9895
1.98656
2.16474
1.99386
1.99203
1.98042
1.98246
1.98246
2.17293
1.99066
1.98451
1.98896
1.98246
1.98566
1.9927
1.97619
1.98365
1.98189
1.98256
1.97702
2.17296
2.16269
1.98861
1.9841
1.98861
