DICE-NO-SHADOW
1.22877
1.2256
1.22675
1.23005
1.23005
1.22157
1.22947
1.22947
1.22637
1.23386
1.22266
1.2288
1.228
1.2288
1.22989
1.49299
1.23494
1.22045
1.22061
1.22477
1.22669
1.22778
1.22557
1.23251
1.22032
1.22598
1.35939
1.49299
1.23085
1.23859
1.22525
1.22643
1.23085
1.40998
1.23446
1.22653
1.22675
1.22458
1.2288
1.23085
1.23104
1.22573
1.2368
1.22518
1.2296
1.22858
1.41885
1.22483
1.22419
1.22653
1.22784
1.22566
1.23251
1.23466
1.22586
1.23229
1.22813
1.22045
1.5479
1.23318
1.21965
1.23837
1.23085
1.22621
1.22726
1.50304
1.2329
1.22602
1.22595
1.2247
1.23088
1.47168
1.23085
1.22762
1.2329
1.22266
1.2329
1.22675
1.22928
1.22675
1.23258
1.22525
1.23421
1.2247
1.41312
1.2329
1.22982
1.2247
1.22874
1.22438
1.47866
1.23235
1.23082
1.23072
1.22784
1.2288
1.46842
1.22714
1.22413
1.22698
1.23085
1.22266
1.3753
1.232
1.2288
1.22445
1.22781
1.2288
1.2247
1.50118
1.23126
1.2247
1.23472
1.2288
1.22675
1.22675
1.23526
1.21971
1.23398
1.2247
1.22858
1.22582
1.41722
1.23085
1.22803
1.22474
1.22266
1.21827
1.48189
1.23059
1.23059
1.23085
1.2247
1.2288
1.22608
1.23085
1.23037
1.22605
1.2247
1.22646
1.23085
1.48253
1.23654
1.2247
1.22666
1.22675
1.23293
1.22048
1.22429
1.22614
1.2247
1.22278
1.22394
1.22989
1.4096
1.22451
1.23827
1.22752
1.22797
1.22854
1.41555
1.22675
1.2247
1.2288
1.22976
1.2247
1.48454
1.2329
1.22435
1.23059
1.22675
1.2247
1.22803
1.22851
1.2247
1.23549
1.22451
1.22064
1.49002
1.2288
1.2224
1.2279
1.22819
1.22723
1.49504
1.2329
1.22355
1.22797
1.2247
1.22605
1.23926
1.23277
1.21984
1.23085
1.23222
1.22675
1.22838
1.23296
1.23085
1.22589
1.22848
1.22762
1.22909
1.50518
1.22787
1.22192
1.23299
1.22582
1.23014
1.22675
1.22675
1.22061
1.23606
1.22701
1.22675
1.22608
1.23085
1.22675
1.22573
1.2247
1.23037
1.22163
1.22266
1.22742
1.22675
1.22595
1.2288
1.22714
1.4807
1.2303
1.22755
1.22675
1.2287
1.22214
1.23085
1.2247
1.2288
1.22675
1.23254
1.21757
1.21869
1.2247
1.2247
1.2247
1.23085
1.5401
1.23085
1.2263
1.23699
1.2256
1.2239
1.22979
1.22931
1.22608
1.23904
1.22464
1.22822
1.35946
1.23085
1.22266
1.22458
1.22675
1.2247
1.22464
1.23133
1.22758
1.22848
1.22173
1.22838
1.37677
1.23283
1.22429
1.2247
1.22029
1.23494
1.22595
1.22675
1.23341
1.22832
1.23398
1.22774
1.22675
1.23085
1.23274
1.22778
1.22806
1.23136
1.22266
1.22224
1.23699
1.22656
1.2247
1.23251
1.22669
1.22269
1.4599
1.23056
1.22675
1.23699
1.22544
1.22266
1.22266
1.2329
1.2247
1.2247
1.23091
1.22826
1.22598
1.40304
1.22592
1.2288
1.2247
1.22067
1.2247
1.40598
1.2329
1.2288
1.2247
1.22608
1.22611
1.41443
1.22867
1.2241
1.22787
1.2288
1.22461
1.23104
1.21856
1.22672
1.2288
1.2247
1.36803
1.2247
1.2247
1.2288
1.2247
1.22621
1.49213
1.23606
1.22803
1.23162
1.22675
1.22675
1.4807
1.23024
1.22429
1.23702
1.22013
1.22477
1.49174
1.23085
1.22445
1.23699
1.22675
1.22061
1.22669
1.23494
1.22678
1.22832
1.21974
1.2247
1.2288
1.23037
1.22662
1.22266
1.22582
1.22662
1.2247
1.42099
1.23027
1.22822
1.2288
1.22675
1.22672
1.48787
1.2329
1.23075
1.22781
1.2288
1.22637
1.36397
1.23536
1.22666
1.2288
1.22438
1.23018
1.2288
1.23085
1.23651
1.22675
1.22429
1.2247
1.22733
1.22576
1.4792
1.23085
1.22387
1.2288
1.22675
1.2247
1.4848
1.22061
1.22038
1.22678
1.23085
1.22544
1.46432
1.22509
1.2247
1.22861
1.2329
1.22653
1.22826
1.23296
1.22675
1.2344
1.22579
1.2247
1.22675
1.22858
1.22675
1.22397
1.2288
1.23085
1.21984
1.41296
1.22624
1.22413
1.22998
1.2288
1.2288
1.48
1.23181
1.22653
1.23565
1.22938
1.22614
1.22896
1.40682
1.22691
1.22675
1.2288
1.23197
1.22781
1.40902
1.2321
1.22755
1.22675
1.2329
1.22883
1.49331
1.2281
1.22675
1.23216
1.22861
1.2247
1.46176
1.23526
1.22691
1.2264
1.22394
1.22483
1.22435
1.2329
1.2288
1.22266
1.23469
1.22454
1.22678
1.23184
1.23018
1.22419
1.2288
1.22266
1.22368
1.40643
1.22272
1.2288
1.2288
1.22448
1.46656
1.22698
1.2288
1.22784
1.22733
1.22806
1.50896
1.22675
1.22621
1.22618
1.2303
1.2247
1.46842
1.22675
1.2288
1.23392
1.2329
1.22675
1.49299
1.22835
1.22656
1.2319
1.23229
1.22368
1.22061
1.22986
1.22774
1.23408
1.22851
1.22061
1.49235
1.22934
1.2288
1.23043
1.2345
1.22371
1.22211
1.2288
1.22614
1.22787
1.23085
1.22592
1.2263
1.22355
1.22198
1.22362
1.23085
1.22246
1.47238
1.23424
1.2257
1.2288
1.2329
1.21782
1.22787
1.41901
1.23421
1.2247
1.2329
1.22461
1.22675
1.23085
1.22675
1.22675
1.23645
1.2247
1.22339
1.47405
1.22832
1.22675
1.23187
1.22368
1.2247
1.4623
1.2344
1.22013
1.2303
1.22531
1.22675
1.49021
1.2336
1.22627
1.22061
1.22061
1.22682
1.22726
1.23699
1.22595
1.22445
1.2257
1.2247
1.37539
1.41155
1.2247
1.22762
1.2297
1.2288
1.22675
1.22643
1.23405
1.2288
1.22598
1.2288
1.22576
1.22998
1.22483
1.23091
1.22746
1.2255
1.22614
1.22768
1.46403
1.23699
1.22826
1.22675
1.22874
1.2273
1.2264
1.4095
1.23418
1.22816
1.23898
1.22982
1.2288
1.46384
1.23085
1.22832
1.22266
1.23043
1.23213
1.23056
1.23085
1.22851
1.22675
1.23872
1.22474
1.22266
1.46086
1.23085
1.22653
1.23027
1.22858
1.23085
1.23216
1.40909
1.22365
1.22675
1.2288
1.23158
1.21856
1.2248
1.2288
1.22675
1.22061
1.2289
1.4807
1.23085
1.22557
1.23232
1.22061
1.23213
1.47917
1.23331
1.23014
1.22614
1.2248
1.23494
1.49824
1.22701
1.21731
1.23194
1.22266
1.23062
1.23427
1.2247
1.22237
1.22211
1.22688
1.22474
1.41043
1.22675
1.22675
1.2304
1.22829
1.2288
1.40928
1.2288
1.22368
1.23085
1.2257
1.22816
1.48806
1.22266
1.2207
1.2329
1.22787
1.2288
1.46227
1.22864
1.2247
1.2368
1.22602
1.23002
1.49094
1.22662
1.22742
1.22829
1.22547
1.22899
1.46842
1.22573
1.22576
1.22602
1.22605
1.23088
1.22397
1.23126
1.22448
1.22867
1.22611
1.23082
1.2224
1.23178
1.2281
1.22883
1.23555
1.22867
1.21773
1.468
1.22778
1.23062
1.22624
1.2329
1.37626
1.47968
1.23085
1.22573
1.2288
1.22192
1.37587
1.49709
1.2328
1.23011
1.22061
1.2288
1.22874
1.4127
1.2304
1.2247
1.22675
1.22854
1.22675
1.40698
1.2288
1.22675
1.23187
1.23085
1.2247
1.46157
1.23018
1.2329
1.23018
1.23085
1.22611
1.47613
1.23478
1.22384
1.23488
1.2329
1.22474
1.46022
1.2264
1.22675
1.22675
1.2288
1.22675
1.22838
1.22915
1.22685
1.22394
1.23085
1.2264
1.2255
1.23187
1.22387
1.22624
1.23085
1.2247
1.22675
1.22659
1.22637
1.2247
1.23085
1.22675
1.22218
1.41514
1.2288
1.22275
1.23027
1.22269
1.3591
1.22982
1.22589
1.2247
1.22982
1.22589
1.37216
1.23085
1.2288
1.22794
1.23085
1.22266
1.21923
1.22838
1.22858
1.2247
1.23085
1.22675
1.22675
1.40387
1.2247
1.22611
1.23261
1.22269
1.3783
1.40288
1.22678
1.2231
1.23776
1.22397
1.22237
1.48064
1.2321
1.22266
1.2288
1.22461
1.22573
1.48275
1.23706
1.22576
1.22819
1.22675
1.22605
1.22963
1.23142
1.2247
1.2288
1.2329
1.22675
1.22182
1.41414
1.22973
1.22061
1.23462
1.22675
1.22656
1.41114
1.23261
1.23078
1.23299
1.22803
1.2247
1.48685
1.23453
1.22675
1.22115
1.2247
1.22266
1.4527
1.22778
1.22592
1.22371
1.2247
1.22266
1.41107
1.21782
1.2288
1.23085
1.22634
1.22506
1.48285
1.22784
1.23165
1.232
1.22845
1.22406
1.49242
1.22998
1.23277
1.23085
1.22477
1.23008
1.22678
1.23085
1.23085
1.2255
1.23226
1.2256
1.22803
1.48275
1.24035
1.22838
1.22598
1.22762
1.23245
1.46227
1.2369
1.22419
1.2247
1.22573
1.2329
1.21782
1.23494
1.22259
1.22061
1.22234
1.22371
1.55024
1.23904
1.22573
1.2247
1.2328
1.2288
1.22515
1.50528
1.23462
1.23082
1.22269
1.2329
1.22675
1.23069
1.23491
1.22675
1.22586
1.23658
1.22675
1.22675
1.47843
1.23699
1.2247
1.22675
1.22797
1.2288
1.22061
1.2345
1.22998
1.22592
1.2255
1.2288
1.4889
1.2329
1.22266
1.22688
1.23024
1.22998
1.36192
1.2329
1.22266
1.22566
1.23629
1.22982
1.2265
1.4879
1.23165
1.22986
1.22397
1.23194
1.2247
1.22986
1.23306
1.22618
1.21773
1.23891
1.22659
1.22858
1.41312
1.22682
1.22816
1.23085
1.22794
1.22477
1.46752
1.23472
1.2247
1.2288
1.23654
1.23066
1.2247
1.48643
1.2329
1.23062
1.2247
1.2288
1.22416
1.22637
1.2329
1.23085
1.23046
1.22998
1.22829
1.22614
1.49504
1.23699
1.22621
1.22653
1.22848
1.22266
1.35792
1.2345
1.22675
1.2247
1.23085
1.23213
1.2288
1.23085
1.23491
1.22349
1.2247
1.22982
1.22384
