DICE
0.71984
0.720032
0.719008
0.7168
0.71712
0.716864
0.718848
0.715488
0.716992
0.715616
0.716608
0.717216
0.716736
0.7168
0.71856
0.718944
0.7192
0.716864
0.717536
0.716672
0.716256
0.716832
0.717568
0.716032
0.718368
0.716736
0.718208
0.716928
0.720704
0.716672
0.715712
0.715392
0.717632
0.715392
0.718784
0.715648
0.719296
0.718656
0.71728
0.71568
0.717728
0.71712
0.716992
0.715616
0.715392
0.715424
0.71696
0.718848
0.715296
0.715872
0.718848
0.717408
0.71744
0.7168
0.718848
0.716864
0.717376
0.716896
0.71728
0.719456
0.718976
0.716896
0.7168
0.715552
0.715616
0.715552
0.717408
0.720576
0.716928
0.716768
0.7168
0.715744
0.716768
0.719808
0.716992
0.7168
0.715584
0.717504
0.718848
0.717824
0.718208
0.71744
0.717376
0.716928
0.717312
0.718784
0.717824
0.715616
0.7168
0.71536
0.716928
0.715424
0.718944
0.715424
0.715616
0.719072
0.715552
0.719488
0.720896
0.718592
0.719232
0.71872
0.716512
0.718592
0.71824
0.717632
0.715552
0.717088
0.717408
0.715712
0.719744
0.722912
0.715616
0.7168
0.716448
0.715712
0.7168
0.719904
0.718976
0.7168
0.717504
0.715712
0.717216
0.716256
0.720896
0.71568
0.71696
0.7176
0.7168
0.715712
0.715488
0.718496
0.716384
0.717408
0.719552
0.718464
0.717376
0.717472
0.71856
0.717376
0.717472
0.717696
0.715328
0.720128
0.716832
0.717664
0.717632
0.717376
0.7168
0.717376
0.716704
0.718432
0.720512
0.7168
0.717312
0.717568
0.718496
0.7168
0.715552
0.715552
0.718848
0.717504
0.718688
0.720224
0.71824
0.716704
0.717376
0.71568
0.718464
0.717152
0.715488
0.714944
0.715296
0.71568
0.716128
0.718144
0.721984
0.717312
0.7168
0.717376
0.718624
0.719136
0.720896
0.715648
0.71648
0.71568
0.716832
0.715488
0.71872
0.71568
0.7168
0.71712
0.716256
0.715584
0.717536
0.718592
0.717888
0.716832
0.716736
0.716896
0.71552
0.718848
0.718944
0.71632
0.716704
0.71552
0.71584
0.716832
0.719104
0.716832
0.7168
0.716704
0.718368
0.716832
0.721248
0.717376
0.718176
0.715552
0.71552
0.715712
0.716832
0.716736
0.719488
0.715552
0.719616
0.717472
0.717056
0.7168
0.716608
0.716736
0.717504
0.716992
0.716384
0.717696
0.715456
0.718848
0.717632
0.717024
0.718912
0.7176
0.716928
0.719072
0.715712
0.717088
0.718144
0.717792
0.716864
0.715424
0.7176
0.718272
0.718304
0.714944
0.7192
0.7176
0.718848
0.719104
0.716928
0.717536
0.718016
0.718848
0.717184
0.71904
0.718848
0.719232
0.718816
0.71504
0.718816
0.7168
0.716736
0.716832
0.717568
0.717504
0.718368
0.7184
0.717536
0.716416
0.716384
0.715712
0.720832
0.717376
0.7176
0.716832
0.7168
0.71472
0.715392
0.718848
0.718304
0.715424
0.715552
0.717632
0.7192
0.718592
0.717504
0.717376
0.717632
0.716992
0.716128
0.7168
0.719936
0.715424
0.716608
0.717088
0.718176
0.718016
0.716544
0.7176
0.7168
0.71696
0.720896
0.717824
0.717568
0.716832
0.716544
0.716768
0.717536
0.720288
0.718816
0.717632
0.715616
0.717632
0.718848
0.717088
0.717408
0.716736
0.717568
0.719072
0.71728
0.717088
0.718848
0.717504
0.715552
0.717056
0.717536
0.715712
0.71888
0.720128
0.7176
0.71712
0.7168
0.715008
0.719584
0.721248
0.71552
0.715424
0.717152
0.71696
0.717248
0.717952
0.716864
0.716032
0.719072
0.716128
0.717024
0.715328
0.717152
0.715456
0.7168
0.715552
0.715552
0.715488
0.720896
0.716768
0.717728
0.715424
0.71968
0.715712
0.71728
0.718176
0.715616
0.717024
0.7168
0.717696
0.717376
0.71696
0.718848
0.717664
0.71712
0.716576
0.716704
0.71888
0.7168
0.717472
0.71744
0.7152
0.7168
0.719008
0.719136
0.715424
0.71712
0.715712
0.717504
0.715648
0.72016
0.717696
0.717472
0.716736
0.718848
0.716864
0.720896
0.716768
0.7168
0.717728
0.717504
0.717024
0.718848
0.718912
0.715584
0.717664
0.7176
0.715008
0.7176
0.7168
0.717856
0.71552
0.715584
0.71568
0.718848
0.713504
0.718848
0.715712
0.715584
0.719264
0.718752
0.716864
0.717504
0.71744
0.715392
0.71504
0.717632
0.731136
0.729792
0.728544
0.729472
0.72976
0.730848
0.731136
0.733024
0.729248
0.729088
0.728864
0.730688
0.73024
0.731136
0.729568
0.729632
0.731392
0.732544
0.730368
0.732224
0.729312
0.730336
0.730912
0.730848
0.732672
0.73504
0.729536
0.72928
0.729344
0.730816
0.72944
0.733088
0.733088
0.7296
0.729632
0.73072
0.731712
0.73104
0.724992
0.725312
0.72528
0.725408
0.723328
0.721344
0.724768
0.72368
0.72272
0.723552
0.723328
0.723232
0.725504
0.724
0.721536
0.722944
0.723136
0.722464
0.723648
0.72672
0.726016
0.723584
0.727104
0.722816
0.723712
0.722944
0.725088
0.724832
0.724544
0.722848
0.72368
0.722592
0.72496
0.723392
0.723296
0.723392
0.721376
0.723584
0.728064
0.725088
0.724128
0.721568
0.721632
0.723424
0.721728
0.722848
0.723072
0.723072
0.74304
0.745472
0.740896
0.74144
0.742208
0.745344
0.7448
0.743424
0.743424
0.741632
0.743712
0.742976
0.7416
0.743072
0.741376
0.74336
0.741376
0.745344
0.743712
0.742816
0.740128
0.742944
0.741152
0.744544
0.743424
0.742784
0.741632
0.741568
0.74288
0.7416
0.745472
0.743424
0.741376
0.74368
0.7416
0.736384
0.735296
0.734816
0.73696
0.734784
0.734336
0.73536
0.736352
0.736864
0.733152
0.733408
0.734752
0.735488
0.734336
0.736928
0.735232
0.73728
0.73472
0.735072
0.73344
0.739904
0.735232
0.735264
0.733184
0.733536
0.735392
0.739808
0.735136
0.735232
0.733344
0.735232
0.735552
0.735264
0.73728
0.736832
0.73328
0.734336
0.73536
0.735328
0.73728
0.735232
0.735232
0.73344
0.735104
0.735424
0.730368
0.735904
0.734784
0.73504
0.733568
0.739008
0.734976
0.735872
0.735168
0.735616
0.733184
0.735392
0.733472
0.738976
0.73936
0.735232
0.735296
0.73536
0.733184
0.737856
0.734944
0.735104
0.735232
0.733408
0.735232
0.735392
0.739328
0.734848
0.735296
0.736896
0.733184
0.735232
0.73728
0.733472
0.733312
0.735392
0.733568
0.734848
0.734496
0.738784
0.735392
0.736928
0.735424
0.735552
0.73504
0.735232
0.73664
0.735168
0.733664
0.735232
0.733248
0.734528
0.736672
0.7344
0.734336
0.73728
0.735136
0.737536
0.73728
0.740384
0.734912
0.735136
0.73344
0.735232
0.733312
0.73728
0.736512
0.735424
0.735008
0.735232
0.729728
0.73088
0.731136
0.729504
0.72896
0.728544
0.728928
0.729632
0.727904
0.731136
0.729408
0.729088
0.729472
0.73264
0.732704
0.729568
0.731072
0.728928
0.729312
0.728896
0.731136
0.732864
0.731136
0.7296
0.729344
0.731808
0.73056
0.735168
0.7288
0.731008
0.729248
0.729664
0.72944
0.731136
0.729536
0.729472
0.731552
0.729408
0.729472
0.726304
0.724096
0.7216
0.72224
0.724544
0.723104
0.72288
0.722944
0.72672
0.721664
0.723552
0.723008
0.722752
0.725056
0.724992
0.723296
0.723328
0.721472
0.722944
0.721664
0.722944
0.724768
0.727168
0.721344
0.723456
0.722752
0.724992
0.721376
0.727072
0.723712
0.722944
0.72144
0.72272
0.72336
0.72704
0.721632
0.72464
0.723712
0.725376
0.725408
0.724992
0.7264
0.72416
0.723072
0.721472
0.721504
0.72656
0.721888
0.722944
0.722464
0.722912
0.72304
0.723232
0.7248
0.723456
0.722688
0.72352
0.72352
0.724992
0.724416
0.723008
0.721728
0.723616
0.723616
0.72272
0.72736
0.72272
0.723552
0.723008
0.723296
0.72336
0.723872
0.721568
0.724288
0.72352
0.721408
0.72352
0.718944
0.72032
0.71856
0.717632
0.715584
0.7168
0.715456
0.720864
0.716896
0.717632
0.715616
0.717408
0.715616
0.717152
0.720896
0.717568
0.717632
0.71744
0.715456
0.715616
0.721952
0.720672
0.715552
0.717664
0.717408
0.716352
0.71552
0.719072
0.717696
0.71712
0.71568
0.717408
0.71568
0.719968
0.717056
0.7168
0.715712
0.717312
0.717696
0.717888
0.718848
0.717472
0.715712
0.717344
0.715456
0.717472
0.71744
0.720896
0.71536
0.7176
0.718912
0.7168
0.715584
0.718848
0.715104
0.717824
0.717696
0.717408
0.717568
0.720896
0.717792
0.717568
0.717344
0.717152
0.715648
0.718848
0.71632
0.717568
0.716896
0.715648
0.71568
0.71856
0.718624
0.717504
0.715648
0.718912
0.717632
0.7168
0.718112
0.717632
0.71568
0.715968
0.717088
0.717632
0.718848
0.716832
0.716128
0.71648
0.716896
0.717504
0.713664
0.718848
0.715648
0.717472
0.715584
0.717568
0.717504
0.718944
0.717376
0.717664
0.717728
0.716512
0.717248
0.716736
0.717152
0.716224
0.715296
0.71888
0.717152
0.71616
0.718208
0.716416
0.7168
0.716928
0.715648
0.71808
0.716864
0.717024
0.715584
0.718496
0.714784
0.717088
0.717952
0.715552
0.719168
0.716448
0.717632
0.71664
0.716864
0.717664
0.71872
0.717664
0.715552
0.717312
0.715456
0.718784
0.718912
0.717504
0.717632
0.71552
0.716096
0.717632
0.717696
0.720704
0.717664
0.716928
0.717792
0.719648
0.716832
0.720608
0.715552
0.717312
0.71696
0.717376
0.715904
0.7176
0.719136
0.71744
0.7176
0.71664
0.71552
0.718848
0.71776
0.716672
0.7168
0.71728
0.715552
0.717344
0.72048
0.719872
0.715584
0.715616
0.717632
0.7168
0.716704
0.718848
0.717152
0.71568
0.71536
0.717664
0.7168
0.716928
0.71888
0.7168
0.717408
0.715616
0.71552
0.715424
0.720256
0.7176
0.716608
0.717504
0.718912
0.718496
0.7168
0.722816
0.717472
0.71952
0.715552
0.715648
0.7168
0.717568
0.717408
0.718912
0.715552
0.7184
0.715744
0.717376
0.718368
0.717664
0.71568
0.715584
0.714752
0.718944
0.717088
0.7168
0.71568
0.717216
0.717472
