1.73584
1.75923
1.73763
1.73466
1.73296
1.73296
1.73424
1.73843
1.89645
1.75088
1.7367
1.73466
1.7359
1.72989
1.74253
1.75923
1.92723
1.73555
1.74208
1.73869
1.73213
1.73232
1.97405
1.92291
1.91283
1.73478
1.73347
1.73466
1.75382
1.98656
1.91158
1.74285
1.72851
1.72851
1.73466
1.75226
1.9216
1.73261
1.7279
1.73261
1.7335
1.74186
1.91222
2.07872
1.91648
1.74134
1.72237
1.73466
1.76035
2.02666
1.92099
1.72627
1.73645
1.73776
1.74675
1.75514
1.92307
1.91331
1.73386
1.73027
1.73046
1.74144
1.72634
1.7408
1.73466
1.73466
1.74461
1.73936
1.75302
2.07053
1.74653
1.73875
1.73757
1.73875
1.73466
1.74438
1.73693
1.73917
1.73261
1.73632
1.74022
1.73981
1.7449
2.068
1.93325
1.73382
1.73878
1.74202
1.73923
1.7367
1.76086
1.7463
1.7367
1.73587
1.7408
1.73466
1.7408
1.75395
1.94435
1.7367
1.7408
1.73613
1.7399
1.74266
1.75514
1.74934
1.73056
1.73466
1.7343
1.73261
1.72851
1.75994
1.9927
1.92915
1.73939
1.73056
1.73354
1.73629
1.7583
1.97674
1.91693
1.73434
1.73466
1.73578
1.73642
1.75718
1.9927
1.9281
1.74285
1.73056
1.7352
1.73408
1.74694
1.98323
1.92198
1.73629
1.73651
1.73542
1.74048
1.7449
1.74557
1.92717
1.92717
1.7416
1.73824
1.73616
1.76333
2.05824
1.92307
1.73466
1.73056
1.7304
1.74234
2.06029
1.92717
1.73277
1.73808
1.73994
1.7344
1.74285
2.08016
1.74378
1.73642
1.73654
1.7376
1.73466
1.744
1.74899
1.75222
1.73277
1.74214
1.74285
1.72909
1.74656
1.98608
1.73616
1.74198
1.73994
1.74285
1.73056
1.74285
1.99843
1.93126
1.7408
1.73651
1.73875
1.74269
1.74285
1.96957
1.74086
1.74042
1.73466
1.73347
1.7327
1.74438
1.99622
1.74899
1.74262
1.74285
1.73235
1.7391
1.76064
1.91808
1.72806
1.73846
1.73638
1.73466
1.72573
1.75923
1.92403
1.92022
1.7337
1.74038
1.7408
1.7343
1.75978
1.74195
1.74051
1.74285
1.7367
1.73942
1.73251
1.7641
1.98861
1.92717
1.74032
1.74426
1.7408
1.73648
1.76538
1.91936
1.72973
1.7367
1.73466
1.73389
1.73722
1.7545
1.92355
1.73533
1.73466
1.73056
1.73734
1.74208
2.05085
1.73965
1.73386
1.73466
1.73856
1.73386
1.7449
1.7391
1.92189
1.7367
1.73574
1.73818
1.7279
1.76563
2.03155
1.7449
1.73219
1.73706
1.73875
1.73149
1.75104
1.93219
1.7367
1.73443
1.74285
1.7408
1.73261
1.75971
1.74861
1.73485
1.74106
1.73424
1.73466
1.73507
1.75718
1.99386
1.73885
1.73261
1.73466
1.73056
1.73261
1.75571
1.73962
1.73466
1.73408
1.73619
1.72986
1.72925
1.73875
1.99475
1.92102
1.73875
1.73875
1.73888
1.72829
1.76518
1.9809
1.73664
1.73875
1.73875
1.7367
1.74048
1.76128
2.01114
1.92102
1.73875
1.73258
1.73466
1.72851
1.76362
1.74234
1.73466
1.73574
1.73466
1.73453
1.72771
1.74899
1.74198
1.73619
1.73466
1.73056
1.73056
1.74109
1.97939
1.74611
1.73325
1.73648
1.7327
1.73261
1.7449
2.10125
1.92538
2.0311
1.7408
1.73466
1.7367
1.74899
1.98704
1.94445
1.90573
1.7344
1.73843
1.72931
1.73421
1.99574
1.93222
1.91965
1.7313
1.73875
1.73466
1.73846
1.88822
1.91946
1.92
1.73642
1.73466
1.73779
1.74483
1.99066
1.92666
1.94125
1.7367
1.7305
1.73875
1.73875
1.98269
1.91565
1.73978
1.7408
1.74077
1.73453
1.73856
1.76048
1.74614
1.74237
1.7367
1.73466
1.73443
1.73344
1.75923
1.92102
1.7343
1.73728
1.73981
1.73619
1.7367
1.73722
1.98179
1.91693
1.73629
1.73261
1.736
1.73171
1.75549
1.97018
1.91747
1.73341
1.73293
1.73328
1.72989
1.75718
1.7327
1.73379
1.7367
1.73261
1.73466
1.73261
1.99043
1.74266
1.73462
1.73757
1.73213
1.73635
1.73418
2.08826
1.9255
1.73875
1.73261
1.73466
1.73402
1.73923
1.75923
1.7408
1.73786
1.74285
1.7367
1.73578
1.72986
1.756
1.73875
1.7408
1.73789
1.72602
1.72851
1.73245
1.75882
1.73718
1.7311
1.73466
1.7335
1.73466
1.73862
1.99264
1.74694
1.73056
1.73302
1.736
1.73859
1.76598
1.74163
1.7417
1.7408
1.7401
1.7367
1.73875
1.88826
2.07171
1.9352
1.73536
1.73853
1.73536
1.75798
2.02675
1.92102
1.73126
1.73498
1.73466
1.7367
1.7367
1.74634
1.73552
1.73654
1.73466
1.73507
1.75923
1.73875
1.73466
1.73875
1.73414
1.73446
1.73667
1.75354
1.7367
1.73875
1.73261
1.73242
1.73261
1.73862
1.74694
1.73562
1.73261
1.73555
1.72893
1.73616
1.73488
1.9991
1.7408
1.73731
1.73466
1.74006
1.73187
1.73875
1.73261
1.73715
1.73389
1.73466
1.73875
1.7311
1.73523
1.73901
1.74298
1.74032
1.7344
1.7361
1.73456
1.74029
1.76064
1.74211
1.73466
1.73658
1.73171
1.73875
1.73261
1.76128
1.74499
1.73622
1.73366
1.73686
1.73261
1.73946
1.76579
1.92397
1.73171
1.73875
1.7304
1.73494
1.72992
1.76947
1.9239
1.728
1.73341
1.73261
1.72982
1.73536
1.76538
1.92342
1.7367
1.73398
1.7319
1.73261
1.72922
1.77091
1.9927
1.73997
1.73872
1.74022
1.73664
1.73802
1.77152
1.73789
1.91693
1.73261
1.74051
1.7367
1.74166
1.76493
1.99443
1.92512
1.7408
1.73984
1.74067
1.73917
1.75578
1.92611
1.73558
1.73875
1.73574
1.7367
1.73021
1.90342
2.00906
1.93834
1.73875
1.73875
1.7408
1.73856
2.07872
1.94605
1.7313
1.74013
1.72646
1.73658
1.76038
2.00499
1.92438
1.74173
1.72435
1.73875
1.73418
1.76243
1.93638
1.73578
1.73594
1.74285
1.73331
1.73466
1.76742
1.74477
1.73632
1.73466
1.73978
1.7367
1.7367
1.75898
1.74886
1.7367
1.7385
1.73466
1.7375
1.73594
1.75667
1.9352
1.73555
1.74054
1.73622
1.73411
1.73517
1.75482
1.9247
1.7305
1.73024
1.73843
1.73056
1.73661
1.76128
1.7496
1.73466
1.73997
1.73642
1.73776
1.73466
1.75859
1.92512
1.92102
1.74384
1.73261
1.73197
1.73021
1.76333
1.74717
1.73875
1.72851
1.72163
1.73248
1.7367
1.96608
1.73728
1.7335
1.73056
1.73376
1.73056
1.8953
2.07667
1.92406
1.73875
1.732
1.73043
1.73011
2.11558
1.92144
1.9136
1.73018
1.7367
1.73642
1.73792
1.73085
1.73978
1.73254
1.73466
1.7305
1.73811
1.73232
1.75923
1.74336
1.73466
1.73798
1.73658
1.74051
1.7344
1.76189
1.74026
1.74371
1.73222
1.73584
1.73062
1.7367
1.7569
1.93533
1.73766
1.74266
1.7408
1.73686
1.73779
1.7417
1.98451
1.73373
1.73875
1.73571
1.7359
1.74285
1.7408
1.97062
1.93536
1.73648
1.73075
1.73261
1.73056
1.75875
1.99494
1.7456
1.73037
1.73914
1.72986
1.73594
1.76269
1.97565
1.9199
1.73923
1.73402
1.74243
1.72925
1.7649
1.98835
1.74237
1.7367
1.73466
1.73376
1.73466
1.76333
1.74694
1.73402
1.73882
1.72442
1.7367
1.72851
2.09658
1.7392
1.7367
1.73981
1.73466
1.73741
1.73626
2.06848
1.9297
1.9456
1.73034
1.72816
1.73123
1.76701
1.9239
1.92102
1.72963
1.73261
1.73635
1.7367
1.76538
2.06029
1.91642
1.73056
1.73261
1.7352
1.73261
1.76128
2.03776
1.91898
1.73466
1.7305
1.72925
1.73616
1.76333
2.02851
1.73626
1.73312
1.7448
1.73488
1.73261
1.74797
1.98998
1.92035
1.73466
1.73466
1.7367
1.73629
1.74739
1.9689
1.73261
1.73494
1.73526
1.73414
1.73261
1.76717
1.94662
1.72755
1.73373
1.73875
1.73606
1.73261
1.9815
1.93632
1.73251
1.73776
1.73875
1.73875
1.7367
1.98682
1.74858
1.72851
1.74278
1.74019
1.73261
1.76109
1.9816
1.7367
1.73056
1.7353
1.73261
1.73184
2.07434
1.74269
1.73437
1.72829
1.73261
1.73056
1.76128
1.99395
1.94064
1.7367
1.73024
1.73261
1.72442
2.08282
1.74122
1.73466
1.73146
1.73805
1.73174
1.7408
1.99546
1.92477
1.7367
1.73466
1.7367
1.73392
1.75709
1.91402
1.7321
1.73056
1.73056
1.73261
1.73261
2.07325
1.93331
1.73594
1.73859
1.73466
1.74211
1.73293
1.91488
2.07462
1.92819
1.73875
1.74458
1.73875
1.73555
1.7544
1.92058
1.92634
1.73814
1.73446
1.73875
1.73446
1.76128
1.74755
1.72806
1.7361
1.73347
1.73798
1.73139
1.7609
1.74502
1.73594
1.73875
1.73875
1.73875
1.74221
1.77213
1.74131
1.74666
1.7367
1.73875
1.73994
1.74387
1.72931
1.96893
1.74464
1.7367
1.73728
1.7335
1.72851
1.75469
1.97837
1.74218
1.73466
1.73242
1.7384
1.73056
2.07421
1.73843
1.73875
1.72614
1.73587
1.73533
1.7367
1.73261
1.73536
1.72554
1.73261
1.73994
1.7367
1.76029
1.9176
1.92675
1.73539
1.74285
1.73261
1.73875
1.75923
2.00854
1.92307
1.73434
1.73261
1.73459
1.73664
1.76742
1.74528
1.74189
1.73398
1.73578
1.73395
1.73875
1.76083
1.75104
1.73776
1.73466
1.73466
1.7367
1.73261
1.75923
1.93379
1.92102
1.73222
1.73261
1.72979
1.73056
1.76509
1.74285
1.73395
1.73171
1.74061
1.7408
1.736
1.76333
1.73667
1.9415
1.73622
1.73834
1.73466
1.73261
1.76538
2.04064
1.91584
1.7367
1.73581
1.73792
1.73619
1.75923
1.93331
1.72637
1.73197
1.73619
1.7303
1.73821
1.7609
1.7391
1.72954
1.73232
1.73056
