2.31094
2.31834
2.31219
2.32787
2.66352
2.5047
2.5088
2.31834
2.31738
2.31738
2.34038
2.59149
2.50282
2.32448
2.33027
2.31242
2.58454
2.49661
2.49856
2.32029
2.32451
2.31219
2.34701
2.48973
2.31123
2.31798
2.3328
2.31386
2.66445
2.5016
2.50653
2.32243
2.31834
2.31014
2.46784
2.64602
2.49651
2.31834
2.31834
2.32038
2.33878
2.5559
2.50381
2.33267
2.33677
2.31366
2.35222
2.57776
2.50659
2.32986
2.32448
2.31978
2.33904
2.5641
2.50454
2.32858
2.32998
2.31629
2.34086
2.57382
2.31629
2.31219
2.33062
2.30746
2.33267
2.4975
2.5007
2.5073
2.32189
2.31482
2.4824
2.58611
2.53088
2.32038
2.3241
2.31424
2.34048
2.56794
2.50486
2.32026
2.3177
2.31219
2.34086
2.58867
2.49875
2.32717
2.32672
2.32269
2.33866
2.55901
2.50435
2.3249
2.32858
2.32205
2.33997
2.58173
2.50874
2.32448
2.32653
2.3215
2.31834
2.58867
2.50266
2.49654
2.32483
2.3113
2.31069
2.58704
2.50112
2.31862
2.32666
2.32269
2.31974
2.34432
2.50176
2.50022
2.32666
2.32448
2.32243
2.47117
2.4927
2.31014
2.32038
2.32826
2.31014
2.32602
2.63286
2.49242
2.31654
2.31629
2.31219
2.34086
2.57203
2.50061
2.31034
2.32038
2.3175
2.57434
2.49242
2.49651
2.3081
2.31837
2.30461
2.47603
2.56
2.49453
2.30605
2.32227
2.3081
2.33882
2.56848
2.49651
2.31878
2.32858
2.30976
2.33923
2.57754
2.50579
2.32112
2.32243
2.32243
2.33472
2.55808
2.49856
2.31658
2.32166
2.30726
2.33677
2.57843
2.49856
2.31434
2.3225
2.31834
2.32448
2.60032
2.50266
2.50579
2.32618
2.32416
2.32141
2.58458
2.3248
2.32378
2.32336
2.32269
2.31264
2.58208
2.50675
2.50275
2.3193
2.32349
2.31834
2.34291
2.57206
2.48816
2.31994
2.32477
2.31798
2.33882
2.54915
2.49386
2.31613
2.31389
2.30515
2.33878
2.57024
2.49254
2.31245
2.3241
2.31594
2.33062
2.55197
2.3137
2.32038
2.32243
2.32038
2.47139
2.64806
2.49766
2.31885
2.32243
2.31219
2.4815
2.57024
2.50387
2.31888
2.32038
2.31219
2.48525
2.5841
2.49856
2.32413
2.32262
2.31379
2.34221
2.49683
2.49603
2.32653
2.32966
2.31894
2.34906
2.50259
2.31648
2.32493
2.32653
2.32378
2.34915
2.55395
2.50061
2.31872
2.32243
2.31219
2.34054
2.57606
2.49651
2.31402
2.31834
2.31738
2.31882
2.56128
2.4896
2.31987
2.32038
2.31562
2.31277
2.61325
2.49213
2.31837
2.31834
2.31994
2.31526
2.58285
2.49856
2.31718
2.32346
2.32634
2.31424
2.33616
2.58384
2.4945
2.32077
2.32038
2.31104
2.3112
2.57434
2.51085
2.31024
2.32122
2.32358
2.31354
2.67469
2.50214
2.32243
2.32355
2.32707
2.32131
2.50026
2.58458
2.50483
2.33174
2.33184
2.32038
2.34528
2.59437
2.51232
2.32442
2.32912
2.32442
2.67642
2.50109
2.30816
2.32202
2.32973
2.31587
2.33472
2.6617
2.49968
2.32899
2.32426
2.32243
2.57434
2.5047
2.32035
2.32672
2.32448
2.32397
2.34989
2.57338
2.50688
2.33267
2.32858
2.31658
2.3408
2.55603
2.49651
2.31398
2.31629
2.31834
2.31018
2.59478
2.5047
2.31834
2.31539
2.31834
2.30598
2.58416
2.49443
2.31018
2.32826
2.32835
2.31629
2.34038
2.49446
2.31677
2.32214
2.31056
2.31424
2.34202
2.57565
2.50426
2.32115
2.31629
2.3201
2.31219
2.57917
2.5047
2.31184
2.31626
2.32243
2.31629
2.67674
2.52109
2.5151
2.31853
2.32653
2.31014
2.60205
2.53098
2.49162
2.32448
2.32349
2.3183
2.58662
2.50061
2.31373
2.32448
2.31587
2.31328
2.34643
2.49238
2.31629
2.32464
2.32419
2.31424
2.33459
2.5439
2.48938
2.32131
2.31629
2.32448
2.31837
2.57741
2.50067
2.31958
2.31309
2.32243
2.31219
2.34291
2.48627
2.49437
2.31014
2.31424
2.3153
2.57286
2.49472
2.30595
2.31629
2.32038
2.31014
2.57638
2.5128
2.49898
2.31997
2.3232
2.32454
2.67814
2.49856
2.31984
2.32771
2.32346
2.31629
2.33898
2.49862
2.5089
2.3257
2.33613
2.31424
2.67478
2.49974
2.31629
2.32861
2.33075
2.31603
2.34928
2.57024
2.50896
2.33034
2.32822
2.31014
2.4777
2.60307
2.50074
2.32758
2.31834
2.31219
2.33485
2.5759
2.50026
2.31357
2.32448
2.32365
2.34986
2.58371
2.50592
2.32262
2.32019
2.33078
2.32038
2.57994
2.51043
2.50266
2.32198
2.31834
2.31949
2.5968
2.5047
2.32096
2.32448
2.3224
2.31629
2.33472
2.49037
2.496
2.31834
2.31805
2.31805
2.33629
2.57024
2.49178
2.31379
2.30624
2.31987
2.30973
2.56
2.49869
2.3208
2.31834
2.32243
2.31834
2.33862
2.65149
2.51072
2.31504
2.33037
2.31424
2.59482
2.50774
2.49587
2.32397
2.32243
2.31731
2.58867
2.49933
2.31014
2.31072
2.32448
2.31014
2.65629
2.50218
2.50061
2.32886
2.32182
2.31424
2.46877
2.50173
2.49242
2.31315
2.31437
2.31216
2.59482
2.53226
2.49517
2.31376
2.33062
2.31834
2.60752
2.50858
2.32445
2.32906
2.32832
2.3225
2.35158
2.49446
2.50573
2.32995
2.33149
2.31827
2.34438
2.31302
2.31885
2.32624
2.31219
2.31834
2.33472
2.5576
2.50442
2.32486
2.31424
2.30778
2.34086
2.57434
2.49651
2.32243
2.31949
2.32502
2.32438
2.56102
2.50266
2.50173
2.32038
2.32813
2.32256
2.6033
2.4967
2.31843
2.32038
2.32243
2.31792
2.58774
2.49677
2.49661
2.31882
2.3161
2.32166
2.49242
2.5655
2.32666
2.32653
2.32038
2.31533
2.48218
2.64179
2.49651
2.32038
2.32253
2.3224
2.47763
2.49856
2.50864
2.31798
2.31622
2.31219
2.59891
2.50717
2.63334
2.32243
2.33114
2.32003
2.59805
2.50272
2.32262
2.32858
2.33322
2.3199
2.66141
2.49856
2.50675
2.32704
2.32195
2.31014
2.33472
2.56989
2.49856
2.32138
2.31331
2.32038
2.32864
2.51085
2.32131
2.31725
2.30605
2.3279
2.31565
2.58413
2.49859
2.31926
2.32211
2.32074
2.31629
2.57965
2.50272
2.50384
2.32858
2.31424
2.31578
2.60298
2.49651
2.31427
2.32851
2.32163
2.32038
2.58608
2.49853
2.59853
2.32038
2.31853
2.31008
2.34701
2.57126
2.32211
2.32224
2.31424
2.31219
2.33882
2.5456
2.32038
2.32243
2.31338
2.30803
2.46954
2.58429
2.32243
2.32038
2.31379
2.31747
2.49242
2.57568
2.5047
2.31462
2.30634
2.31501
2.34701
2.65421
2.49651
2.32442
2.32064
2.30598
2.48573
2.49037
2.49866
2.49651
2.31376
2.30605
2.33808
2.58672
2.53082
2.32858
2.31834
2.31629
2.32634
2.55923
2.4937
2.31782
2.31219
2.32243
2.3344
2.57843
2.49856
2.3248
2.32387
2.33258
2.32022
2.57843
2.49654
2.60246
2.3144
2.3304
2.31219
2.59648
2.49037
2.31498
2.3183
2.32243
2.30547
2.59482
2.49866
2.49869
2.32442
2.32038
2.31629
2.3511
2.50061
2.32403
2.32448
2.32448
2.32416
2.33683
2.56458
2.51882
2.3224
2.31258
2.32618
2.31834
2.5759
2.50317
2.3183
2.32032
2.3296
2.30957
2.67469
2.61046
2.5047
2.31766
2.32774
2.30576
2.57629
2.49674
2.48608
2.30294
2.32406
2.30909
2.65011
2.49936
2.5048
2.32038
2.31792
2.31786
2.69475
2.50675
2.49651
2.3191
2.33011
2.31734
2.34813
2.50614
2.50486
2.32448
2.33206
2.3281
2.58493
2.50995
2.32243
2.32038
2.32534
2.31795
2.58362
2.49562
2.32266
2.31443
2.32176
2.31322
2.59821
2.49958
2.30998
2.32326
2.32243
2.32048
2.59072
2.50067
2.50064
2.32038
2.31834
2.31629
2.33875
2.3265
2.32291
2.32173
2.31834
2.33018
2.34451
2.55475
2.49773
2.31763
2.31629
2.32438
2.33267
2.57827
2.5343
2.31434
2.31021
2.31181
2.34496
2.57402
2.49549
2.3224
2.3079
2.31629
2.49568
2.57344
2.50051
2.31526
2.30605
2.33027
2.3449
2.57229
2.5047
2.32653
2.32461
2.33235
2.34128
2.58253
2.50304
2.31965
2.32218
2.32243
2.32486
2.56765
2.50675
2.50656
2.32198
2.33062
2.32038
2.60506
2.5047
2.32218
2.32858
2.3216
2.32198
2.65994
2.50477
2.5007
2.32448
2.32858
2.3136
2.34749
2.65357
2.50461
2.32768
2.31629
2.31629
2.58182
2.5089
2.50675
2.33072
2.32435
2.32035
2.60477
2.50266
2.32259
2.32653
2.31622
2.32038
2.33824
2.55181
2.50061
2.32621
2.3185
2.3279
2.34086
2.57421
2.32019
2.33117
2.32038
2.33062
2.33882
2.56627
2.5047
2.32653
2.31219
2.33267
2.33898
2.58867
2.52928
2.32931
2.32157
2.33859
2.33926
2.57427
2.50061
2.33878
2.31219
2.32451
2.33882
2.57949
2.50205
2.32736
2.30992
2.32653
2.34074
2.52016
2.3176
2.32653
2.31834
2.3263
2.31558
2.59414
2.49446
2.31427
2.32243
2.31558
2.31101
2.58253
2.49885
2.48832
2.31222
2.3177
2.31728
2.59642
2.49654
2.31738
2.32448
2.31424
2.30605
2.5743
2.49242
2.50003
2.32618
2.31683
2.31424
2.46989
2.56819
2.49158
2.31552
2.31219
2.31219
2.34336
2.62963
2.49242
2.3184
2.32038
2.31629
2.3527
2.5641
2.32592
2.3217
2.31802
2.32038
2.33114
2.56614
2.5048
2.31834
2.31968
2.33264
2.31648
2.6665
2.51376
2.31798
2.32218
2.33245
2.31613
2.58355
2.5064
2.49738
2.31866
2.31834
2.31424
2.5913
2.49027
2.32096
2.32653
2.31834
2.31651
2.58659
2.49866
2.32115
2.32778
2.31638
2.32237
2.3328
2.49744
