1.3824
1.38646
1.3783
1.3824
1.37626
1.38445
1.38304
1.38304
1.37725
1.38192
1.3783
1.37091
1.56058
1.38173
1.37798
1.38035
1.37277
1.37626
1.64045
1.38746
1.38061
1.3824
1.37901
1.38214
1.38093
1.64045
1.38637
1.38141
1.37731
1.38163
1.37421
1.38394
1.62816
1.39213
1.38083
1.37946
1.38035
1.3776
1.37578
1.62602
1.3865
1.3801
1.37421
1.37702
1.37421
1.72237
1.38602
1.38067
1.3777
1.38109
1.37702
1.38019
1.39962
1.64938
1.3865
1.38195
1.37651
1.38445
1.38035
1.38438
1.62963
1.39427
1.37011
1.37626
1.37802
1.37594
1.39987
1.38387
1.38278
1.37626
1.38102
1.37904
1.37891
1.38246
1.38035
1.38877
1.37526
1.38035
1.3793
1.38032
1.37971
1.3785
1.3865
1.37904
1.38198
1.37626
1.37818
1.3824
1.40189
1.3824
1.3783
1.37814
1.3816
1.37664
1.37626
1.3777
1.63616
1.39264
1.37626
1.37936
1.3783
1.3776
1.3783
1.40256
1.37814
1.38259
1.3809
1.37974
1.38035
1.37818
1.41101
1.6343
1.39674
1.38445
1.37587
1.37866
1.37699
1.38147
1.62118
1.38333
1.38154
1.38419
1.37786
1.37603
1.37558
1.38035
1.38445
1.3783
1.37962
1.38099
1.38102
1.38035
1.62915
1.38192
1.3783
1.38384
1.37626
1.38035
1.38035
1.5401
1.38227
1.37504
1.37757
1.3783
1.38035
1.3824
1.40384
1.38125
1.38445
1.38035
1.38035
1.37507
1.38035
1.38035
1.64045
1.3895
1.3783
1.37757
1.38218
1.38035
1.3824
1.61984
1.38806
1.3783
1.37968
1.3824
1.38035
1.3824
1.40083
1.3865
1.3696
1.37814
1.38016
1.38035
1.37626
1.72237
1.38614
1.3865
1.3839
1.38029
1.38176
1.38378
1.38208
1.38035
1.56512
1.38554
1.38035
1.38032
1.38048
1.38035
1.40083
1.38336
1.3824
1.37955
1.38051
1.3783
1.3841
1.37926
1.62544
1.39264
1.3824
1.3824
1.38202
1.38096
1.38218
1.64454
1.38304
1.38042
1.37757
1.38035
1.3831
1.3783
1.40486
1.38112
1.38646
1.3753
1.37952
1.38112
1.38035
1.38074
1.60973
1.38275
1.37392
1.37792
1.3824
1.38627
1.3865
1.38134
1.38362
1.38026
1.37974
1.38445
1.37456
1.38358
1.56672
1.3783
1.37939
1.37494
1.37626
1.38077
1.37421
1.38541
1.3769
1.37898
1.37638
1.3815
1.3783
1.62915
1.3817
1.37824
1.3783
1.38035
1.37958
1.37744
1.40464
1.38554
1.38218
1.38317
1.37597
1.37814
1.3824
1.63834
1.38208
1.38035
1.38218
1.38163
1.38435
1.37885
1.40698
1.56662
1.38704
1.37558
1.3783
1.3783
1.37741
1.37898
1.61984
1.38653
1.37366
1.38083
1.38154
1.3824
1.3824
1.64502
1.38013
1.38141
1.37622
1.38035
1.3783
1.38186
1.38224
1.56672
1.37958
1.3816
1.38006
1.38035
1.3816
1.4032
1.3783
1.38397
1.38144
1.37818
1.3824
1.37715
1.39379
1.3824
1.37997
1.38445
1.38035
1.3815
1.38435
1.3975
1.38374
1.38035
1.3783
1.38035
1.37942
1.37798
1.61552
1.3912
1.37718
1.38371
1.37824
1.38035
1.37766
1.65683
1.38774
1.38384
1.3783
1.3824
1.38035
1.38189
1.61824
1.3824
1.3784
1.38016
1.3768
1.37194
1.37421
1.3759
1.38099
1.37978
1.38035
1.37795
1.37626
1.38035
1.40246
1.38138
1.38826
1.38186
1.3783
1.38035
1.37741
1.38035
1.63635
1.38445
1.38378
1.38387
1.38035
1.38237
1.3783
1.40493
1.37926
1.38445
1.3824
1.37606
1.3783
1.3824
1.40698
1.3889
1.38467
1.38035
1.37603
1.38445
1.38205
1.38099
1.62202
1.5776
1.37594
1.37814
1.38362
1.3824
1.38048
1.63635
1.38688
1.3783
1.37731
1.37891
1.38035
1.37626
1.36141
1.39059
1.37846
1.37558
1.3775
1.38035
1.52922
1.70698
1.38755
1.37997
1.37626
1.3823
1.3783
1.3783
1.43155
1.38134
1.37763
1.38195
1.38112
1.3839
1.37341
1.40163
1.3823
1.38147
1.37002
1.38035
1.37626
1.62464
1.38208
1.37885
1.38035
1.38445
1.37818
1.37626
1.73056
1.38445
1.3824
1.37968
1.37779
1.3783
1.3783
1.40493
1.57882
1.39059
1.38035
1.38045
1.38035
1.38445
1.3753
1.64352
1.38061
1.3817
1.38144
1.38397
1.37421
1.38445
1.64966
1.38646
1.38765
1.3783
1.3824
1.3824
1.37011
1.39939
1.38845
1.39114
1.3783
1.3783
1.37949
1.37994
1.37891
1.62611
1.3864
1.38131
1.38035
1.37958
1.38058
1.37626
1.64131
1.3816
1.3783
1.38035
1.38355
1.38016
1.37626
1.61443
1.38131
1.3728
1.38205
1.38429
1.37622
1.54966
1.3865
1.38403
1.38035
1.37747
1.38019
1.38381
1.40634
1.62816
1.38131
1.37616
1.37216
1.37626
1.37696
1.71827
1.38035
1.38035
1.37824
1.37523
1.3783
1.3824
1.53786
1.56058
1.37421
1.37971
1.37626
1.38029
1.38214
1.40189
1.38397
1.39408
1.38029
1.37878
1.38035
1.37869
1.40493
1.38445
1.38544
1.38224
1.38387
1.38307
1.38112
1.38077
1.65171
1.38189
1.38093
1.3824
1.37843
1.38131
1.38035
1.64134
1.3856
1.3865
1.38035
1.3824
1.38192
1.38032
1.40464
1.57174
1.38554
1.38147
1.3783
1.38166
1.38035
1.38163
1.62202
1.38445
1.37968
1.38058
1.38403
1.37626
1.3783
1.63875
1.38445
1.38854
1.38432
1.38179
1.3783
1.37789
1.39642
1.38474
1.38445
1.3823
1.37939
1.37766
1.3783
1.64723
1.38141
1.37952
1.3783
1.3824
1.64045
1.3872
1.3824
1.3783
1.38445
1.38317
1.37994
1.37626
1.38819
1.38445
1.38035
1.38102
1.38173
1.37699
1.6481
1.38262
1.39059
1.3847
1.37626
1.38035
1.3824
1.40902
1.38358
1.37421
1.3824
1.38227
1.3783
1.3783
1.71827
1.38426
1.38854
1.38186
1.38349
1.3824
1.37875
1.40291
1.71907
1.38851
1.38006
1.37923
1.37872
1.37898
1.40566
1.3823
1.3865
1.3824
1.38106
1.3783
1.3824
1.37597
1.38176
1.3824
1.37626
1.37818
1.38099
1.37891
1.6231
1.38035
1.37766
1.3792
1.37581
1.37939
1.38243
1.64125
1.38208
1.3824
1.3824
1.38029
1.37686
1.40288
1.56989
1.38906
1.38096
1.37482
1.38022
1.37933
1.3983
1.38214
1.38202
1.3783
1.37341
1.37728
1.40083
1.38144
1.38576
1.37779
1.3783
1.3824
1.37763
1.55238
1.66486
1.38445
1.37626
1.3801
1.38374
1.3783
1.40259
1.56346
1.36954
1.3783
1.3824
1.3783
1.37216
1.55034
1.38362
1.38445
1.37501
1.3783
1.38243
1.37997
1.40262
1.56672
1.3865
1.3776
1.38182
1.38026
1.38035
1.37821
1.63226
1.3849
1.37286
1.38029
1.37696
1.38442
1.38013
1.61997
1.38563
1.37216
1.37011
1.38016
1.37565
1.38048
1.64045
1.38189
1.38
1.38109
1.3783
1.38445
1.38032
1.55539
1.5664
1.37626
1.3824
1.3824
1.37888
1.3824
1.40262
1.38554
1.38637
1.3839
1.3783
1.38422
1.38061
1.39469
1.38445
1.38445
1.38035
1.38141
1.3824
1.37926
1.4024
1.64659
1.38726
1.37939
1.38035
1.3824
1.37376
1.61997
1.38445
1.39264
1.3783
1.37949
1.37821
1.37939
1.55571
1.58701
1.38147
1.38035
1.37965
1.3783
1.38166
1.40045
1.56058
1.57258
1.38416
1.38029
1.37626
1.38307
1.37955
1.64838
1.3824
1.38003
1.38035
1.3783
1.3783
1.38035
1.6343
1.38512
1.38595
1.37952
1.37901
1.37923
1.38134
1.37904
1.3824
1.38416
1.38432
1.37478
1.37725
1.37827
1.40445
1.38294
1.38035
1.38166
1.37626
1.38445
1.38214
1.40464
1.56675
1.3839
1.38144
1.38442
1.3824
1.3824
1.39827
1.57302
1.57018
1.37952
1.38099
1.38048
1.38182
1.3783
1.63747
1.38144
1.3777
1.38003
1.37923
1.38035
1.38163
1.61792
1.37626
1.37619
1.37891
1.38298
1.38035
1.3761
1.37011
1.56877
1.37421
1.37802
1.37843
1.37994
1.70966
1.38099
1.38976
1.37747
1.3785
1.38128
1.38035
1.55229
1.3849
1.38416
1.38006
1.38413
1.38003
1.38208
1.40637
1.38275
1.3817
1.3783
1.38406
1.38192
1.37962
1.37626
1.63734
1.38038
1.37715
1.37949
1.37955
1.37798
1.37738
1.62461
1.3824
1.38221
1.3816
1.38045
1.38035
1.37626
1.40288
1.3865
1.3824
1.38646
1.3824
1.38035
1.3865
1.41248
1.38163
1.3783
1.38445
1.37971
1.3783
1.38368
1.38035
1.65069
1.38557
1.38854
1.37949
1.38035
1.38035
1.37651
1.64176
1.38358
1.38077
1.38205
1.3783
1.38189
1.37421
1.40493
1.38589
1.38022
1.38214
1.37555
1.3783
1.38435
1.38144
1.60938
1.38445
1.37795
1.3815
1.37898
1.37626
1.40493
1.56285
1.37501
1.38106
1.38035
1.37933
1.3783
1.3783
1.6137
1.38035
1.36806
1.37667
1.38035
1.38406
1.55443
1.38442
1.37216
1.37984
1.38147
1.3824
1.3801
1.40288
1.38214
1.37622
1.38051
1.37216
1.37731
1.37744
1.38211
1.63021
1.38982
1.38547
1.38208
1.3824
1.38422
1.38531
1.404
1.38445
1.3824
1.38182
1.37626
1.38368
1.3783
1.39878
1.6384
1.38445
1.38218
1.37626
1.3824
1.37808
1.38029
1.61974
1.38941
1.3865
1.38246
1.38214
1.38083
1.38445
1.40288
1.38998
1.38035
1.38352
1.38445
1.37738
1.38035
1.36976
1.3865
1.3783
1.3824
1.38035
1.38035
1.38035
1.37514
1.63117
1.3863
1.3865
1.38032
1.37952
1.37984
1.37626
1.40675
1.38237
1.37888
1.38195
1.3783
1.37584
1.38474
1.40611
1.38547
1.37011
1.37376
1.37802
1.37421
1.39574
1.38557
1.37805
1.38445
