0.691872
0.693728
0.69376
0.692224
0.693536
0.692896
0.691552
0.693024
0.694272
0.695488
0.692128
0.692224
0.693792
0.694176
0.693888
0.69568
0.691392
0.694272
0.693728
0.694272
0.694912
0.69488
0.694144
0.694272
0.691904
0.69424
0.692224
0.694272
0.695392
0.693632
0.693664
0.695456
0.689344
0.69216
0.69424
0.696
0.693376
0.694272
0.69408
0.692224
0.693824
0.694272
0.708608
0.692896
0.692224
0.693312
0.692736
0.694752
0.692224
0.693984
0.690176
0.698368
0.694272
0.695712
0.692224
0.691232
0.692224
0.694272
0.694528
0.692224
0.691776
0.6944
0.692032
0.694784
0.691968
0.694272
0.69536
0.693984
0.692224
0.692224
0.69136
0.692224
0.690752
0.696224
0.695616
0.692608
0.690176
0.693504
0.691808
0.692224
0.6928
0.697312
0.691776
0.692224
0.693536
0.693696
0.69168
0.692768
0.694432
0.693504
0.692224
0.69632
0.694272
0.69232
0.69488
0.696992
0.692128
0.696832
0.692736
0.695584
0.692576
0.6936
0.69424
0.69168
0.691648
0.693696
0.69328
0.69328
0.692224
0.692928
0.692928
0.694272
0.694816
0.692224
0.692224
0.693728
0.707712
0.696448
0.691328
0.694272
0.693472
0.69376
0.696224
0.695488
0.692224
0.69632
0.692224
0.693504
0.693984
0.692224
0.692224
0.692224
0.693056
0.694016
0.694272
0.693344
0.692896
0.692224
0.691296
0.69632
0.695904
0.698368
0.693824
0.692224
0.693792
0.692224
0.69344
0.697024
0.692224
0.694112
0.692224
0.69072
0.694112
0.694272
0.692928
0.69136
0.694272
0.692224
0.692224
0.687648
0.694272
0.693856
0.695008
0.69456
0.689248
0.696224
0.695584
0.6944
0.689408
0.696224
0.691296
0.692224
0.690176
0.69344
0.69328
0.692224
0.694752
0.692224
0.692224
0.693856
0.694272
0.694208
0.692224
0.696
0.692224
0.693312
0.692224
0.69632
0.690176
0.694272
0.694848
0.696512
0.69248
0.693984
0.693888
0.694144
0.690944
0.692224
0.695008
0.694272
0.694272
0.692736
0.693568
0.694272
0.710592
0.696064
0.691648
0.693856
0.693568
0.692224
0.691904
0.693376
0.695232
0.693376
0.694272
0.695808
0.692224
0.69328
0.691456
0.69632
0.696992
0.692864
0.694272
0.691872
0.692224
0.692672
0.70656
0.693024
0.693792
0.694272
0.692544
0.691904
0.692224
0.695936
0.69088
0.695232
0.694272
0.692032
0.691712
0.694272
0.69408
0.693472
0.693632
0.692224
0.692224
0.694272
0.693888
0.694016
0.690176
0.692224
0.694208
0.692224
0.693344
0.693504
0.693568
0.694272
0.692192
0.696512
0.692064
0.694272
0.69424
0.694272
0.691488
0.690176
0.692224
0.694272
0.69328
0.69216
0.69216
0.692224
0.692864
0.694944
0.692224
0.692224
0.692832
0.694272
0.694272
0.694272
0.696512
0.693536
0.693984
0.694272
0.690944
0.694272
0.69248
0.69376
0.692224
0.694272
0.691392
0.697504
0.694176
0.694272
0.69504
0.695392
0.690784
0.692224
0.694272
0.692928
0.691296
0.693728
0.691904
0.694272
0.692224
0.693952
0.692608
0.692224
0.710656
0.693152
0.692352
0.695008
0.694272
0.693792
0.692192
0.712288
0.694496
0.692
0.693408
0.694048
0.692544
0.694272
0.690912
0.694176
0.692224
0.695072
0.693632
0.693312
0.692224
0.710368
0.693376
0.697056
0.694272
0.692608
0.690976
0.69808
0.692096
0.698368
0.695008
0.69632
0.694272
0.694112
0.692224
0.692704
0.691072
0.693056
0.692064
0.692352
0.693568
0.69632
0.692608
0.692352
0.690912
0.69152
0.69232
0.692224
0.69152
0.694272
0.690176
0.694048
0.692224
0.695392
0.690528
0.694208
0.692224
0.690912
0.69168
0.6952
0.692576
0.694272
0.692832
0.692224
0.692224
0.698656
0.697472
0.692992
0.693888
0.692192
0.688576
0.693664
0.692224
0.690944
0.695136
0.69472
0.693568
0.692
0.69152
0.692224
0.694912
0.69616
0.693856
0.694176
0.690176
0.692224
0.694272
0.694272
0.69632
0.695104
0.691808
0.695776
0.689792
0.69264
0.69344
0.692224
0.692352
0.69584
0.691552
0.692192
0.69408
0.69328
0.694272
0.69456
0.690912
0.693696
0.690816
0.69376
0.692224
0.69632
0.69312
0.692032
0.691936
0.693408
0.692224
0.695584
0.694272
0.694272
0.692224
0.691552
0.693536
0.693472
0.69184
0.69504
0.6928
0.692224
0.694272
0.694272
0.692224
0.712704
0.692224
0.693888
0.690176
0.692224
0.690944
0.691936
0.692768
0.692288
0.691968
0.690848
0.692352
0.692224
0.692576
0.692224
0.694976
0.693952
0.692416
0.694272
0.690176
0.69632
0.712384
0.693024
0.692224
0.695488
0.695808
0.692224
0.692224
0.710304
0.69424
0.693088
0.693984
0.69424
0.692224
0.692224
0.692096
0.692224
0.698528
0.691776
0.690176
0.694272
0.690176
0.692224
0.696192
0.694272
0.692224
0.69168
0.692224
0.696288
0.694272
0.692224
0.715776
0.69712
0.693408
0.69552
0.690176
0.693984
0.69408
0.693984
0.696544
0.696416
0.691648
0.694272
0.690176
0.695872
0.690176
0.692224
0.695616
0.693856
0.692224
0.693504
0.691968
0.697952
0.692224
0.694944
0.692224
0.69072
0.693984
0.691424
0.693408
0.695808
0.692224
0.69632
0.69632
0.691776
0.692128
0.698368
0.6952
0.692864
0.694112
0.692064
0.691936
0.697632
0.692224
0.695584
0.692032
0.692224
0.692224
0.692224
0.693408
0.692224
0.696416
0.692224
0.69216
0.691616
0.69216
0.693312
0.690176
0.694752
0.693536
0.692224
0.692224
0.69632
0.695008
0.692224
0.69264
0.693856
0.692928
0.692224
0.692224
0.69632
0.693184
0.693728
0.692064
0.694272
0.692224
0.695744
0.691552
0.693152
0.691648
0.693024
0.692512
0.692096
0.691776
0.707296
0.694176
0.693536
0.692224
0.693408
0.690976
0.694272
0.690176
0.69376
0.69312
0.694144
0.694272
0.694272
0.693248
0.695712
0.707904
0.694272
0.694272
0.694272
0.694272
0.695424
0.693888
0.693312
0.692224
0.695456
0.690176
0.692224
0.692512
0.693792
0.691616
0.710656
0.694784
0.692928
0.692224
0.692608
0.691456
0.69568
0.691552
0.693344
0.694912
0.692224
0.693984
0.695296
0.692224
0.692224
0.692224
0.699296
0.69152
0.693856
0.690912
0.694272
0.693696
0.692928
0.692768
0.695104
0.691776
0.694272
0.692224
0.692224
0.690016
0.692032
0.699168
0.694272
0.692224
0.69536
0.692224
0.694112
0.693152
0.694432
0.694272
0.694208
0.691648
0.698144
0.693312
0.694272
0.692832
0.692768
0.692224
0.694048
0.694272
0.694272
0.696384
0.692256
0.690656
0.692224
0.69152
0.692224
0.69392
0.69136
0.696032
0.692224
0.692224
0.694272
0.693024
0.694592
0.690176
0.692224
0.69632
0.693664
0.692768
0.694272
0.694272
0.69344
0.710464
0.695296
0.692864
0.692224
0.692224
0.693632
0.693664
0.692224
0.69168
0.696864
0.694272
0.69392
0.692224
0.693248
0.692224
0.707808
0.692736
0.695968
0.693856
0.695616
0.69216
0.692224
0.694272
0.69632
0.694816
0.693536
0.692224
0.694272
0.694752
0.695776
0.69216
0.69632
0.692224
0.692736
0.690368
0.692224
0.69376
0.69296
0.692096
0.694304
0.692224
0.694272
0.691744
0.694272
0.691456
0.691552
0.69456
0.691904
0.693696
0.695328
0.692224
0.694272
0.692576
0.687936
0.690176
0.692224
0.691392
0.691808
0.710656
0.695712
0.692224
0.694272
0.692224
0.694272
0.692224
0.716448
0.693312
0.692992
0.692224
0.693376
0.692192
0.692224
0.710624
0.695168
0.692224
0.694656
0.694272
0.693952
0.691712
0.696416
0.692512
0.694272
0.692224
0.694272
0.692224
0.694112
0.694272
0.691872
0.69424
0.692512
0.694272
0.69296
0.694048
0.694272
0.713856
0.694272
0.68864
0.694272
0.693472
0.693888
0.692224
0.694016
0.69632
0.696736
0.693728
0.692064
0.692224
0.694272
0.69184
0.712544
0.694976
0.694272
0.694272
0.69584
0.694272
0.696
0.694272
0.700416
0.690176
0.695552
0.694176
0.694272
0.692224
0.69632
0.693824
0.69504
0.692224
0.692224
0.693792
0.696704
0.693792
0.694144
0.689632
0.692224
0.69248
0.694272
0.694144
0.694272
0.694272
0.689024
0.692224
0.694272
0.692224
0.692704
0.694272
0.69584
0.692832
0.692224
0.69632
0.69264
0.692224
0.693728
0.693024
0.694048
0.694272
0.692224
0.692224
0.693824
0.694016
0.696736
0.696352
0.69632
0.693504
0.69632
0.692224
0.691616
0.69152
0.696896
0.694208
0.69392
0.693344
0.696288
0.692512
0.708608
0.69632
0.692928
0.692192
0.693824
0.69632
0.692224
0.693344
0.692768
0.69632
0.694272
0.693248
0.696032
0.694048
0.694848
0.694112
0.69728
0.692224
0.692224
0.695296
0.694048
0.69376
0.697696
0.694144
0.694272
0.68608
0.688128
0.694944
0.694272
0.694272
0.69504
0.692224
0.695456
0.694272
0.692224
0.693248
0.710656
0.69328
0.695104
0.692224
0.694752
0.690176
0.693984
0.694272
0.692576
0.692224
0.694272
0.694272
0.692224
0.694272
0.69632
0.691488
0.693056
0.692224
0.692224
0.692224
0.694272
0.69392
0.692992
0.692512
0.693344
0.692032
0.693728
0.692224
0.692224
0.689888
0.692736
0.693824
0.692224
0.693568
0.693984
0.690176
0.693792
0.693056
0.693344
0.6928
0.693696
0.690176
0.694272
0.712704
0.694272
0.692096
0.694272
0.693504
0.694272
0.692224
0.69632
0.692224
0.692224
0.691904
0.694208
0.693376
0.69216
0.69296
0.692224
0.697216
0.69744
0.689856
0.695328
0.692224
0.69568
0.713376
0.693664
0.693984
0.694784
0.690976
0.692224
0.692224
0.709856
0.694656
0.692224
0.692224
0.694272
0.69184
0.693952
0.693856
0.697536
0.699008
0.694144
0.692576
0.696256
0.690176
0.69488
0.712704
0.698976
0.692672
0.693504
0.692224
0.69472
0.693408
0.6928
0.692224
0.693056
0.692224
0.694048
0.689344
0.692224
0.692224
0.692224
0.69184
0.690912
0.693824
0.695968
0.692224
0.696704
0.69264
0.695136
0.694048
0.694272
0.694208
0.694944
0.69152
0.708608
0.691328
0.69664
