0.84992
0.84992
0.851232
0.85168
0.84992
0.845824
0.845824
0.843776
0.84992
0.847872
0.842912
0.84656
0.849888
0.85168
0.851968
0.847872
0.841216
0.847872
0.84736
0.847872
0.83968
0.85168
0.866304
0.842816
0.851552
0.851744
0.845088
0.847648
0.84704
0.847872
0.848864
0.843776
0.856064
0.846976
0.845824
0.847872
0.8704
0.852736
0.847872
0.851968
0.847872
0.840704
0.847872
0.847872
0.844992
0.85344
0.84992
0.839488
0.845824
0.848416
0.849504
0.849856
0.851392
0.844448
0.83968
0.845792
0.847872
0.851968
0.878592
0.856928
0.843232
0.847712
0.843552
0.847872
0.845856
0.849024
0.86016
0.844096
0.845152
0.845472
0.851072
0.841728
0.85136
0.837408
0.851968
0.847168
0.847872
0.847648
0.841472
0.843776
0.847104
0.845824
0.845536
0.845824
0.841472
0.847872
0.84976
0.845824
0.851712
0.845824
0.847232
0.82944
0.850272
0.83792
0.838912
0.855328
0.84992
0.846336
0.843808
0.84992
0.849568
0.845568
0.845824
0.850944
0.845824
0.849344
0.84992
0.847872
0.851904
0.874496
0.883808
0.851296
0.853536
0.851648
0.844832
0.841376
0.88064
0.845344
0.849184
0.843776
0.845824
0.854816
0.8472
0.868
0.855136
0.86016
0.847456
0.851968
0.843776
0.845248
0.843808
0.853152
0.84992
0.84992
0.851968
0.846624
0.843232
0.84704
0.843776
0.855872
0.84992
0.840832
0.844864
0.8416
0.839648
0.85392
0.84992
0.847872
0.843872
0.849152
0.8552
0.843776
0.85568
0.857056
0.841728
0.845824
0.83824
0.84688
0.842944
0.839616
0.849824
0.84672
0.847712
0.851296
0.84672
0.853952
0.845824
0.851712
0.847872
0.841728
0.847872
0.847872
0.84576
0.844896
0.853216
0.850624
0.851968
0.845824
0.853984
0.851968
0.877824
0.856128
0.854016
0.85536
0.84672
0.845824
0.847872
0.847232
0.841536
0.848352
0.83968
0.843776
0.847872
0.8456
0.847872
0.868352
0.847872
0.843776
0.846944
0.848992
0.856064
0.845824
0.848032
0.843264
0.849312
0.846656
0.845792
0.851712
0.849824
0.845184
0.858112
0.858816
0.847296
0.845824
0.84992
0.84896
0.845056
0.843136
0.83664
0.859616
0.847872
0.841728
0.848992
0.853312
0.839392
0.850752
0.84992
0.844896
0.84368
0.853248
0.847328
0.845824
0.86416
0.856256
0.841824
0.845184
0.84176
0.846944
0.84336
0.862208
0.858816
0.857472
0.847872
0.852832
0.84784
0.83968
0.871296
0.851968
0.84992
0.84544
0.843776
0.843776
0.843776
0.846976
0.843776
0.850176
0.844928
0.843264
0.847872
0.847616
0.849856
0.868096
0.859136
0.84992
0.845664
0.846464
0.847648
0.848992
0.847392
0.84992
0.862208
0.847872
0.851872
0.849664
0.853088
0.837632
0.862208
0.861184
0.849056
0.847872
0.847904
0.847872
0.847136
0.84928
0.845824
0.846656
0.847392
0.84544
0.84928
0.845824
0.845824
0.847072
0.849344
0.847872
0.851488
0.856064
0.84992
0.845824
0.869152
0.860736
0.854016
0.84768
0.84992
0.845856
0.851968
0.853504
0.843776
0.853856
0.84768
0.847488
0.845824
0.84944
0.843776
0.874496
0.848192
0.846656
0.84992
0.845824
0.847936
0.85184
0.84992
0.84304
0.857696
0.84944
0.843456
0.85104
0.84352
0.83968
0.837632
0.847392
0.84576
0.849792
0.845504
0.849664
0.86544
0.860896
0.850944
0.847168
0.847904
0.847872
0.83968
0.8704
0.843776
0.856064
0.846528
0.841728
0.847424
0.83968
0.847872
0.84464
0.847872
0.845824
0.85136
0.85168
0.840864
0.845248
0.843776
0.85952
0.844928
0.851552
0.847872
0.84768
0.849504
0.84992
0.847616
0.845696
0.847904
0.847392
0.847872
0.84992
0.84992
0.847488
0.847424
0.843552
0.847456
0.842784
0.845824
0.849248
0.833536
0.84096
0.841728
0.841728
0.843776
0.850016
0.841728
0.845824
0.845824
0.854016
0.845824
0.837632
0.849568
0.842816
0.837184
0.841728
0.83968
0.868096
0.855584
0.8504
0.843776
0.847872
0.844608
0.839616
0.843744
0.858112
0.847648
0.845824
0.84656
0.83968
0.837664
0.839136
0.847872
0.84528
0.855424
0.845376
0.847392
0.868352
0.855712
0.847872
0.843776
0.841728
0.838624
0.844832
0.83968
0.847872
0.841728
0.84544
0.84992
0.841696
0.851616
0.847168
0.839744
0.842688
0.845824
0.836576
0.855008
0.847616
0.845824
0.841728
0.841728
0.83552
0.862208
0.855584
0.848096
0.843136
0.844608
0.84288
0.874336
0.849792
0.849152
0.84128
0.843776
0.83968
0.84992
0.841312
0.850336
0.84496
0.842848
0.845504
0.849824
0.865664
0.85792
0.848896
0.84992
0.841472
0.850976
0.845824
0.866304
0.846144
0.84992
0.845408
0.851968
0.846688
0.843744
0.85312
0.847872
0.86528
0.843776
0.851136
0.8536
0.845504
0.84368
0.84304
0.854016
0.85376
0.843776
0.845824
0.849056
0.845824
0.847328
0.849696
0.860832
0.843776
0.84992
0.845824
0.842624
0.847872
0.880672
0.84992
0.841728
0.847872
0.847872
0.851968
0.844416
0.874496
0.859104
0.853568
0.851072
0.845824
0.8464
0.84736
0.84992
0.845824
0.84992
0.845024
0.845824
0.84912
0.85184
0.845888
0.8704
0.87968
0.845824
0.847232
0.841056
0.845408
0.849536
0.839232
0.851968
0.84992
0.848928
0.844864
0.848896
0.843776
0.839616
0.83968
0.853568
0.849568
0.841728
0.843776
0.845824
0.84768
0.84992
0.872448
0.846752
0.847872
0.847264
0.851968
0.83968
0.868352
0.841088
0.85168
0.847904
0.841728
0.847552
0.841728
0.872032
0.847872
0.83152
0.86336
0.83968
0.845824
0.847872
0.849088
0.845824
0.875584
0.841728
0.845824
0.847744
0.851968
0.843776
0.845824
0.841728
0.851968
0.849152
0.851968
0.849376
0.84992
0.842944
0.84352
0.859296
0.843776
0.841792
0.847872
0.843776
0.843776
0.847744
0.854912
0.84896
0.8512
0.849952
0.847872
0.845824
0.847872
0.843136
0.864256
0.847904
0.84992
0.84992
0.843776
0.847424
0.899072
0.847168
0.847872
0.848576
0.847872
0.851744
0.843776
0.843584
0.856064
0.849056
0.847872
0.845824
0.853152
0.845824
0.840512
0.856256
0.847872
0.845408
0.850976
0.847584
0.849408
0.849248
0.878592
0.851968
0.847872
0.845824
0.847552
0.84544
0.86528
0.849728
0.852096
0.849152
0.847872
0.847872
0.845472
0.84512
0.845312
0.85008
0.843776
0.849888
0.84992
0.846848
0.857984
0.845824
0.85088
0.847872
0.847872
0.84992
0.851424
0.846944
0.839552
0.845824
0.839232
0.85456
0.84992
0.841216
0.845824
0.845696
0.843392
0.864256
0.845824
0.841728
0.849888
0.847872
0.848416
0.867232
0.862208
0.851968
0.84832
0.847008
0.844192
0.843776
0.835456
0.85328
0.84704
0.84336
0.843776
0.847104
0.847872
0.84496
0.855968
0.849536
0.848288
0.853888
0.84992
0.848896
0.873664
0.851456
0.85776
0.84992
0.83968
0.848672
0.845824
0.844384
0.841728
0.852672
0.839616
0.84768
0.851456
0.84992
0.844864
0.843776
0.841408
0.855904
0.849792
0.843776
0.84768
0.8704
0.845824
0.841632
0.851776
0.84512
0.847872
0.847872
0.837856
0.84208
0.84688
0.84192
0.8512
0.844512
0.872448
0.867712
0.84992
0.852992
0.847616
0.843776
0.8448
0.8704
0.868352
0.845376
0.85072
0.844928
0.847872
0.83968
0.856544
0.851616
0.847104
0.845824
0.84688
0.847296
0.866304
0.890688
0.841568
0.84928
0.843776
0.847616
0.847872
0.85392
0.85088
0.849088
0.84992
0.851584
0.841728
0.835584
0.845824
0.857216
0.854048
0.84992
0.841024
0.837632
0.841696
0.853152
0.841184
0.84944
0.845824
0.843776
0.845568
0.85344
0.86432
0.843808
0.851968
0.845088
0.84992
0.84992
0.851136
0.91136
0.847872
0.841728
0.847104
0.845824
0.845728
0.8704
0.857568
0.846784
0.849888
0.84704
0.845824
0.847872
0.851072
0.851968
0.864608
0.846016
0.847296
0.851936
0.843776
0.855712
0.8704
0.850784
0.846144
0.851968
0.847328
0.845248
0.849344
0.845632
0.853792
0.859456
0.845824
0.84528
0.847872
0.847872
0.845216
0.865856
0.853504
0.849952
0.851968
0.843776
0.843776
0.843776
0.849408
0.851264
0.86544
0.84112
0.845824
0.84992
0.846848
0.843776
0.866304
0.854688
0.845824
0.847008
0.847872
0.851776
0.849376
0.8496
0.856064
0.858112
0.84496
0.8416
0.84768
0.84992
0.854016
0.842016
0.864192
0.848736
0.849632
0.847872
0.84992
0.845824
0.847136
0.845824
0.847872
0.845088
0.845088
0.845824
0.84688
0.8704
0.853408
0.84992
0.845824
0.847872
0.855712
0.839712
0.848992
0.847744
0.847168
0.849856
0.849696
0.843808
0.845824
0.84768
0.847872
0.845824
0.854784
0.853088
0.84688
0.851968
0.845824
0.866336
0.850592
0.851008
0.847872
0.856064
0.84992
0.84992
0.847872
0.847872
0.85184
0.84784
0.8512
0.851936
0.845024
0.846848
0.860928
0.83968
0.843744
0.839008
0.837632
0.843776
0.868352
0.837632
0.841728
0.843616
0.841728
0.843776
0.874048
0.848832
0.847872
0.843776
0.851744
0.845184
0.843904
0.843776
0.848704
0.837632
0.851968
0.841312
0.847872
0.843744
0.8584
0.841632
0.84992
0.845696
0.838976
0.837408
0.843776
0.843872
0.8432
0.847424
0.845024
0.847008
0.847648
0.842944
0.892928
0.841728
0.845824
0.849984
0.848672
0.846816
0.857888
0.87408
0.849696
0.851968
0.845376
0.841728
0.83968
0.845824
0.909984
0.84688
0.83968
0.839552
0.847872
0.83968
0.847584
0.86016
0.851968
0.847616
0.851968
0.845312
0.843776
0.862496
0.846752
0.841728
0.847872
0.845376
0.845824
0.843616
0.841728
0.858272
0.84992
0.84992
0.842752
0.843776
0.87168
0.8592
0.849088
0.849184
0.84992
0.84128
0.84992
0.8704
0.847872
0.850688
0.847872
0.847872
0.8536
0.849344
0.847872
0.850816
0.857536
0.84736
0.841088
0.846912
0.84944
0.845824
0.843776
0.853664
0.847872
0.842752
0.845824
0.849824
0.842144
