2.17498
2.18666
2.18912
2.20387
2.42483
2.38586
2.1855
2.19136
2.19258
2.19037
2.45475
2.37363
2.36544
2.18864
2.18112
2.1904
2.1975
2.44899
2.36048
2.18906
2.1703
2.1975
2.18112
2.4313
2.18611
2.1975
2.18435
2.21738
2.18986
2.55795
2.3593
2.20979
2.17907
2.19136
2.19136
2.22003
2.44531
2.38387
2.17498
2.18458
2.1889
2.19261
2.54976
2.37536
2.17408
2.18112
2.18685
2.18931
2.35354
2.44499
2.35891
2.18854
2.17677
2.20413
2.33926
2.53133
2.36339
2.19699
2.18317
2.20774
2.20195
2.49462
2.3552
2.3769
2.18339
2.1985
2.17738
2.46784
2.36339
2.18931
2.17622
2.18144
2.18256
2.21213
2.41869
2.36861
2.1848
2.1959
2.19466
2.19846
2.21629
2.36749
2.18317
2.18726
2.17686
2.20467
2.17862
2.44736
2.36749
2.37283
2.18624
2.18522
2.17702
2.54566
2.35744
2.1975
2.1825
2.18845
2.17293
2.21251
2.44531
2.3695
2.17616
2.1944
2.19546
2.36134
2.46934
2.20282
2.17882
2.2016
2.19094
2.17907
2.20118
2.37261
2.36749
2.1825
2.18051
2.18726
2.3423
2.45798
2.35523
2.1953
2.18426
2.19066
2.20131
2.45965
2.37082
2.19034
2.17702
2.20774
2.2016
2.44736
2.36342
2.19574
2.176
2.20333
2.18112
2.46557
2.35126
2.19843
2.18061
2.20742
2.18522
2.35722
2.42688
2.38064
2.17187
2.19341
2.19114
2.19942
2.33453
2.50675
2.35914
2.18931
2.1785
2.1879
2.50707
2.37334
2.35933
2.19136
2.17053
2.20774
2.44493
2.38003
2.36339
2.1809
2.18317
2.20176
2.19722
2.45712
2.36051
2.18522
2.18717
2.2016
2.18275
2.45453
2.36771
2.36918
2.18294
2.19341
2.18342
2.21146
2.42278
2.19459
2.17501
2.19238
2.19056
2.19546
2.52109
2.38682
2.18368
2.18726
2.1816
2.2016
2.20205
2.45514
2.3767
2.18726
2.17837
2.20762
2.17635
2.54362
2.37363
2.38186
2.184
2.19504
2.18627
2.21939
2.45933
2.39616
2.18416
2.19539
2.18829
2.19232
2.43325
2.37363
2.17702
2.19136
2.18931
2.18864
2.4535
2.36544
2.17306
2.1975
2.18112
2.19283
2.18058
2.45965
2.36538
2.36954
2.16675
2.19546
2.17302
2.46915
2.35725
2.20102
2.17853
2.19136
2.18698
2.2121
2.40976
2.37958
2.17894
2.19072
2.19136
2.18726
2.31014
2.52518
2.3593
2.19763
2.18816
2.20365
2.20774
2.36282
2.35459
2.2032
2.18131
2.19546
2.20979
2.37773
2.17658
2.19341
2.18317
2.20979
2.18038
2.53338
2.36829
2.37773
2.18317
2.19242
2.17498
2.21472
2.45149
2.40435
2.1832
2.19446
2.18317
2.22352
2.42182
2.36541
2.16829
2.18522
2.17498
2.20042
2.20928
2.37133
2.17507
2.18662
2.17094
2.20122
2.17293
2.52314
2.36016
2.38387
2.18317
2.19728
2.18522
2.21574
2.46474
2.39933
2.17702
2.19546
2.17907
2.21389
2.42794
2.37158
2.18144
2.18726
2.19088
2.19546
2.4672
2.37238
2.18538
2.19546
2.17818
2.20163
2.18317
2.43718
2.35712
2.19341
2.18304
2.19955
2.18541
2.22618
2.35123
2.2016
2.17914
2.19066
2.18522
2.18906
2.43837
2.37162
2.1703
2.19056
2.19098
2.19296
2.53286
2.37619
2.1567
2.18522
2.17293
2.1873
2.36339
2.51946
2.36138
2.19693
2.17734
2.18723
2.32858
2.36771
2.36451
2.19546
2.17802
2.21389
2.20157
2.46304
2.38746
2.1975
2.18496
2.19776
2.17856
2.44672
2.36602
2.18522
2.18112
2.1905
2.19571
2.22208
2.34701
2.48627
2.17309
2.19514
2.18643
2.19104
2.45091
2.19546
2.18726
2.2016
2.18778
2.19955
2.19744
2.42483
2.35059
2.18931
2.18422
2.19955
2.1705
2.45949
2.3593
2.19136
2.17555
2.19501
2.18522
2.20365
2.43011
2.37568
2.17466
2.19498
2.17549
2.18931
2.45498
2.36957
2.1847
2.19741
2.1767
2.21187
2.19853
2.44326
2.35917
2.19136
2.176
2.19341
2.18218
2.44701
2.36883
2.19805
2.17917
2.19622
2.19136
2.37536
2.35754
2.37363
2.17498
2.20365
2.1887
2.19341
2.48141
2.39821
2.36544
2.20163
2.18112
2.20358
2.51725
2.36749
2.37078
2.2057
2.18317
2.19776
2.17907
2.5263
2.3607
2.18877
2.18374
2.18966
2.17648
2.50464
2.3488
2.38182
2.18275
2.20163
2.18547
2.22125
2.36339
2.37302
2.17997
2.19072
2.18522
2.18726
2.45434
2.38592
2.36141
2.19981
2.18797
2.20998
2.20902
2.44464
2.35722
2.19664
2.17651
2.19341
2.17514
2.44291
2.36154
2.18522
2.17498
2.19382
2.18506
2.23232
2.35507
2.19648
2.17917
2.19136
2.17907
2.19677
2.44326
2.36544
2.35501
2.18893
2.17699
2.19021
2.46067
2.2065
2.17318
2.18278
2.18493
2.19341
2.34086
2.43901
2.37309
2.19491
2.17088
2.2057
2.17485
2.5631
2.5631
2.18726
2.16771
2.2073
2.44886
2.36954
2.17926
2.19907
2.17264
2.21184
2.44941
2.1975
2.17293
2.19306
2.16883
2.21344
2.3593
2.36874
2.16966
2.19638
2.17386
2.2057
2.46989
2.37568
2.18886
2.20774
2.16883
2.23642
2.45965
2.36954
2.17648
2.19702
2.19389
2.21539
2.42688
2.37162
2.1824
2.19546
2.18912
2.18522
2.20509
2.37789
2.35235
2.20045
2.18957
2.18726
2.21526
2.42864
2.35907
2.18688
2.17702
2.20579
2.17078
2.52928
2.36339
2.37158
2.16374
2.20054
2.16973
2.35315
2.35814
2.36701
2.1793
2.19434
2.17443
2.36301
2.5224
2.37978
2.17517
2.20979
2.18928
2.21126
2.46784
2.37773
2.17706
2.19533
2.19587
2.19894
2.46099
2.37814
2.17232
2.19341
2.18986
2.18726
2.21562
2.42483
2.18515
2.1975
2.18522
2.19734
2.18262
2.47254
2.36547
2.37296
2.18701
2.19536
2.18102
2.2159
2.35926
2.19341
2.17408
2.18438
2.19037
2.18992
2.46182
2.37149
2.37706
2.1935
2.18394
2.18726
2.2057
2.37034
2.17706
2.19008
2.17552
2.19546
2.176
2.48816
2.36595
2.38166
2.1888
2.19862
2.16995
2.21184
2.36339
2.18931
2.18013
2.17293
2.18522
2.20288
2.44685
2.37901
2.20365
2.18973
2.17907
2.20301
2.43066
2.19523
2.19325
2.18931
2.19136
2.18931
2.33046
2.4576
2.37363
2.20099
2.17088
2.18317
2.44934
2.3784
2.18237
2.18525
2.18131
2.18726
2.35267
2.4576
2.36339
2.19546
2.17811
2.20534
2.19344
2.51494
2.3616
2.1815
2.16653
2.19341
2.2057
2.48179
2.36413
2.19309
2.1975
2.1913
2.19923
2.43526
2.35728
2.19338
2.17907
2.20442
2.18922
2.55619
2.35232
2.18419
2.17702
2.1951
2.16474
2.22618
2.35315
2.19834
2.17117
2.19136
2.1784
2.1871
2.4535
2.37491
2.18323
2.19504
2.18867
2.19104
2.20934
2.36749
2.18298
2.19546
2.18112
2.20029
2.17293
2.22109
2.36346
2.18726
2.1785
2.2016
2.16653
2.54771
2.36112
2.20704
2.17952
2.19037
2.17498
2.22208
2.44326
2.40621
2.1775
2.19136
2.18931
2.18688
2.46576
2.36653
2.35846
2.19136
2.18931
2.18874
2.32653
2.44442
2.35661
2.18739
2.17878
2.19962
2.17293
2.46317
2.36506
2.37526
2.18112
2.20083
2.17885
2.23437
2.45126
2.37261
2.17923
2.18918
2.19037
2.19248
2.4297
2.36589
2.17702
2.18883
2.17872
2.18723
2.53642
2.36368
2.18445
2.20099
2.17213
2.19488
2.33699
2.52672
2.3609
2.18528
2.18317
2.20112
2.17888
2.50266
2.36061
2.19136
2.17907
2.1991
2.17619
2.45229
2.36496
2.19187
2.172
2.18346
2.18102
2.20774
2.44131
2.36819
2.17677
2.18726
2.2057
2.19546
2.51904
2.37568
2.17507
2.19955
2.16269
2.18726
2.34701
2.46579
2.1848
2.19558
2.18128
2.20682
2.17293
2.47194
2.38797
2.38547
2.17098
2.19722
2.17088
2.35837
2.45072
2.37158
2.19133
2.18083
2.17498
2.21094
2.42896
2.38387
2.17235
2.19072
2.19955
2.19136
2.47578
2.36749
2.17267
2.20493
2.18112
2.19136
2.18112
2.43712
2.35686
2.19421
2.18691
2.2016
2.1793
2.21766
2.36099
2.18726
2.18499
2.1975
2.17907
2.1887
2.44938
2.36762
2.18077
2.19546
2.18266
2.20058
2.20365
2.45315
2.35398
2.19136
2.18112
2.19549
2.16678
2.51446
2.3561
2.1873
2.17514
2.1975
2.17437
2.36144
2.51494
2.37363
2.18522
2.18726
2.18256
2.35555
2.46093
2.36957
2.18141
2.18726
2.17872
2.36544
2.44842
2.38797
2.17437
2.1871
2.19152
2.19101
2.45667
2.36922
2.36118
2.1975
2.18467
2.1864
2.54157
2.37158
2.16877
2.19341
2.17702
2.20774
2.20755
2.45146
2.36154
2.18934
2.17552
2.19341
2.17907
2.4832
2.3649
2.19286
2.19142
2.18499
2.18726
2.20051
2.36467
2.18931
2.18042
2.19258
2.19341
2.19085
2.20365
2.39002
2.17462
2.19325
2.18314
2.2016
2.21107
2.4535
2.37107
2.19098
2.18243
2.18982
2.17702
2.4576
2.36544
2.18931
2.18058
2.20733
2.17498
2.46579
2.35898
2.38182
2.17245
2.19741
2.17498
2.21184
2.43014
2.37706
2.17405
2.18806
2.19302
2.19654
2.5344
2.39213
2.36723
2.18774
2.19546
2.18931
2.35098
2.38461
2.36707
2.19136
2.1801
2.20954
2.33843
2.51146
2.35731
2.18726
2.17894
2.19536
2.19955
2.51062
2.36442
2.20464
2.17235
2.2
2.17702
2.45965
2.37325
2.37571
2.18934
2.20742
2.18928
2.48237
2.36602
2.19546
2.18701
2.19037
2.18576
2.19002
2.41869
2.37158
2.36141
2.18672
2.18486
2.19546
2.21389
2.36886
2.18986
2.18931
2.18256
2.19904
2.18317
2.44534
2.18726
2.1927
