2.29187
2.29622
2.29062
2.56006
2.47603
2.28874
2.30195
2.28966
2.28938
2.31014
2.4721
2.47398
2.30394
2.29018
2.28762
2.32038
2.46784
2.29178
2.29578
2.30083
2.29965
2.30784
2.55962
2.47504
2.29997
2.28867
2.29136
2.29168
2.52896
2.45763
2.29069
2.29936
2.28608
2.29392
2.29197
2.47379
2.30109
2.2913
2.29568
2.31014
2.59219
2.46726
2.29376
2.29533
2.29299
2.29536
2.58787
2.4736
2.60915
2.29581
2.29955
2.29171
2.53133
2.47398
2.28762
2.2959
2.2977
2.29475
2.57395
2.48218
2.2887
2.30195
2.2857
2.28538
2.56
2.47155
2.2872
2.2999
2.28147
2.29581
2.56755
2.46989
2.45706
2.29994
2.2831
2.28064
2.62554
2.47398
2.28762
2.29309
2.27046
2.28848
2.31171
2.56205
2.46381
2.29382
2.27389
2.28538
2.29962
2.52518
2.46906
2.29171
2.28518
2.28544
2.28957
2.57392
2.47674
2.46778
2.28758
2.29171
2.28944
2.55904
2.47194
2.27328
2.28429
2.29763
2.44522
2.54976
2.47622
2.296
2.28691
2.29376
2.28742
2.62506
2.46995
2.29171
2.28774
2.2929
2.29376
2.65421
2.4784
2.48214
2.2905
2.29843
2.29197
2.31411
2.47398
2.48358
2.28966
2.29376
2.2911
2.5559
2.47398
2.2895
2.29021
2.29786
2.29306
2.55792
2.46954
2.29546
2.2999
2.29322
2.29843
2.31629
2.47306
2.47613
2.29987
2.29194
2.28966
2.55085
2.46701
2.29539
2.29539
2.2935
2.29178
2.32154
2.47558
2.47715
2.30336
2.29206
2.29786
2.32243
2.46435
2.29347
2.29552
2.29808
2.28762
2.29325
2.54771
2.47206
2.46963
2.27738
2.2847
2.28966
2.53011
2.47226
2.28317
2.30605
2.28362
2.29664
2.6511
2.48314
2.47174
2.30454
2.29376
2.30195
2.64602
2.5047
2.46992
2.29978
2.28691
2.29274
2.31072
2.47398
2.48224
2.31056
2.29469
2.29558
2.32637
2.47526
2.29386
2.30506
2.29376
2.29581
2.28966
2.55834
2.46688
2.29376
2.29606
2.29968
2.29299
2.62963
2.46995
2.28762
2.30416
2.29786
2.29152
2.32016
2.63021
2.48422
2.30147
2.28147
2.28717
2.55181
2.46784
2.28522
2.30211
2.28762
2.29501
2.31424
2.5497
2.47398
2.28592
2.29581
2.28147
2.28816
2.52957
2.47581
2.29574
2.30195
2.29718
2.29357
2.31229
2.46925
2.5719
2.30198
2.28762
2.2887
2.31424
2.47603
2.29376
2.28659
2.28557
2.28726
2.29584
2.55386
2.47744
2.29005
2.29581
2.28352
2.28733
2.53488
2.46496
2.28026
2.28966
2.27869
2.27821
2.66816
2.49466
2.45965
2.29267
2.28675
2.29501
2.62941
2.49395
2.46704
2.2929
2.28966
2.2879
2.57338
2.47376
2.5785
2.28803
2.28966
2.28413
2.5527
2.48422
2.29456
2.29376
2.29581
2.28819
2.31014
2.47574
2.47725
2.30816
2.29808
2.29376
2.31424
2.47594
2.29501
2.29888
2.29485
2.29581
2.29731
2.54182
2.48422
2.29821
2.29331
2.2999
2.3137
2.54771
2.46378
2.2887
2.304
2.2855
2.2919
2.3081
2.62752
2.47005
2.29117
2.28304
2.3112
2.52486
2.46918
2.29168
2.29376
2.29168
2.28966
2.56979
2.48093
2.58618
2.30413
2.29984
2.28966
2.63373
2.46998
2.28115
2.30605
2.29376
2.28547
2.31533
2.55821
2.49213
2.29235
2.28323
2.28557
2.63238
2.47398
2.28445
2.29171
2.29171
2.29914
2.29126
2.56
2.46989
2.60755
2.29171
2.29171
2.28966
2.57229
2.47984
2.2856
2.29907
2.29728
2.29171
2.57075
2.47203
2.48083
2.31213
2.29171
2.29872
2.31834
2.47962
2.29072
2.29021
2.304
2.30134
2.29712
2.5759
2.47555
2.47168
2.304
2.28966
2.28976
2.55747
2.46579
2.28214
2.29786
2.27533
2.28621
2.56205
2.46784
2.4761
2.29581
2.28915
2.28966
2.53734
2.46579
2.28928
2.28147
2.28557
2.2831
2.30602
2.53667
2.47392
2.28147
2.28589
2.29075
2.28397
2.30189
2.45146
2.27891
2.2977
2.28064
2.28726
2.63373
2.46778
2.47194
2.29581
2.29171
2.28134
2.66003
2.49232
2.4617
2.29517
2.28352
2.28352
2.31782
2.45994
2.46675
2.28758
2.28518
2.28576
2.31629
2.46323
2.28778
2.29376
2.28966
2.28352
2.30774
2.54157
2.47194
2.28368
2.29357
2.2864
2.29171
2.53286
2.46989
2.28966
2.2999
2.28557
2.29219
2.55827
2.46704
2.28774
2.29962
2.29322
2.29341
2.55741
2.47568
2.29526
2.304
2.29306
2.29408
2.4479
2.47398
2.47194
2.30192
2.28576
2.29088
2.55018
2.47805
2.47146
2.28966
2.29165
2.28966
2.31018
2.54362
2.47168
2.28365
2.28966
2.28166
2.29494
2.51581
2.46682
2.2784
2.29171
2.28723
2.28762
2.63536
2.46304
2.27718
2.29171
2.29376
2.28934
2.46374
2.54362
2.46717
2.28557
2.29219
2.28704
2.31405
2.63357
2.47754
2.29581
2.29011
2.28966
2.32282
2.32282
2.52445
2.46579
2.29181
2.28528
2.28166
2.304
2.55776
2.48736
2.29216
2.28154
2.28557
2.31174
2.54157
2.47206
2.30365
2.28762
2.29376
2.28512
2.55171
2.46758
2.30176
2.28762
2.28966
2.3033
2.54483
2.46922
2.29984
2.28147
2.29181
2.28582
2.56816
2.48218
2.28762
2.29581
2.29376
2.29146
2.55494
2.47536
2.48422
2.28966
2.29171
2.29562
2.31347
2.29581
2.28966
2.29549
2.28762
2.29139
2.31533
2.52518
2.47808
2.29574
2.28902
2.2969
2.31014
2.54499
2.46387
2.29786
2.29376
2.29123
2.29283
2.31629
2.46509
2.46477
2.28608
2.29171
2.29171
2.30458
2.29376
2.28371
2.2881
2.27942
2.28813
2.44531
2.46688
2.46365
2.29389
2.28557
2.28566
2.30237
2.55795
2.48627
2.3007
2.28557
2.29373
2.46074
2.52314
2.4657
2.29616
2.27875
2.29254
2.31117
2.56256
2.50259
2.29814
2.28461
2.29341
2.30781
2.53482
2.46698
2.30781
2.28762
2.29376
2.31629
2.57434
2.47334
2.2999
2.29152
2.28752
2.3081
2.52928
2.46522
2.29171
2.28557
2.28557
2.28928
2.56586
2.47299
2.29667
2.29162
2.29165
2.29763
2.31834
2.46784
2.2999
2.29536
2.30016
2.30026
2.31955
2.54976
2.47274
2.29888
2.29584
2.28557
2.30861
2.52854
2.46749
2.2937
2.28816
2.28352
2.2784
2.53507
2.29258
2.27334
2.28147
2.28557
2.28147
2.52694
2.47824
2.29325
2.29101
2.29123
2.28557
2.43712
2.63318
2.46579
2.28557
2.28762
2.29171
2.61037
2.46902
2.4697
2.2895
2.29555
2.2976
2.57347
2.47526
2.29386
2.29123
2.29171
2.29485
2.63485
2.48349
2.4631
2.29581
2.28355
2.2936
2.30986
2.54259
2.50675
2.30605
2.29171
2.28762
2.31229
2.52643
2.4736
2.29946
2.28925
2.29014
2.31776
2.54384
2.46384
2.29526
2.27942
2.29075
2.28762
2.55091
2.46112
2.28506
2.29677
2.29542
2.30195
2.3127
2.46803
2.2999
2.30211
2.29171
2.288
2.2929
2.54771
2.4617
2.29171
2.29171
2.28746
2.29581
2.31645
2.46918
2.2928
2.29786
2.27533
2.29171
2.4576
2.46509
2.29366
2.29581
2.28672
2.28557
2.30845
2.56432
2.50173
2.30192
2.28909
2.29734
2.29786
2.55334
2.46896
2.28618
2.28829
2.2825
2.28762
2.64912
2.46186
2.28918
2.29786
2.29018
2.28531
2.30934
2.29101
2.47549
2.2999
2.29526
2.29158
2.29171
2.53898
2.46787
2.29376
2.29501
2.28944
2.28378
2.54362
2.4632
2.28762
2.29571
2.29376
2.29171
2.31834
2.55312
2.47824
2.31027
2.30195
2.30195
2.29587
2.52928
2.47354
2.29392
2.29245
2.29786
2.29568
2.56819
2.46989
2.28762
2.2999
2.28909
2.29786
2.31629
2.46784
2.28454
2.29082
2.28797
2.2791
2.30938
2.53952
2.46784
2.28966
2.28762
2.28253
2.28352
2.61395
2.46771
2.2849
2.29085
2.2897
2.28966
2.66173
2.49066
2.47622
2.28915
2.29171
2.28739
2.55587
2.49446
2.46784
2.28928
2.29146
2.2992
2.57843
2.47603
2.29434
2.2999
2.29171
2.29549
2.55078
2.47533
2.28397
2.29251
2.2824
2.28736
2.3121
2.54614
2.47194
2.29626
2.28752
2.28966
2.29133
2.62653
2.46678
2.30538
2.29578
2.30605
2.2999
2.47376
2.62758
2.47398
2.29008
2.29341
2.29216
2.55494
2.47408
2.46374
2.29379
2.29098
2.29376
2.57034
2.47194
2.2913
2.3032
2.28349
2.29574
2.5551
2.47094
2.28557
2.29571
2.29171
2.28208
2.31014
2.47856
2.29686
2.29843
2.2936
2.29376
2.44941
2.53334
2.48333
2.3104
2.30102
2.30195
2.30442
2.57958
2.5047
2.3024
2.29786
2.29581
2.29581
2.63168
2.46998
2.28682
2.29907
2.29123
2.2976
2.31558
2.57843
2.4761
2.29616
2.28512
2.28845
2.55344
2.46883
2.28659
2.29786
2.28762
2.29427
2.30755
2.54944
2.46579
2.29622
2.28301
2.29171
2.31424
2.52925
2.29667
2.2999
2.28726
2.28557
2.29754
2.57024
2.46989
2.47405
2.304
2.28506
2.29536
2.54566
2.47078
2.28966
2.2999
2.29376
2.29376
2.4479
2.54538
2.47402
2.30022
2.28176
2.2849
2.30605
2.60902
2.46582
2.29376
2.29766
2.29376
2.29571
2.56106
2.47808
2.46691
2.29376
2.28918
2.29648
2.54362
2.30115
2.27661
2.29949
2.28765
2.29376
2.64403
2.47789
2.46989
2.29162
2.28938
2.28758
2.64432
2.49651
2.4735
2.29366
2.27949
2.28147
2.30598
2.46352
2.46909
2.29376
2.28
2.28966
2.55181
2.47366
2.28438
2.28778
2.28269
2.28656
2.29786
2.5496
2.47773
2.29773
2.29091
2.28515
2.31014
2.544
2.48016
2.29555
2.29104
2.29376
2.30605
2.5495
2.47194
2.2999
