0.690176
0.71072
0.691488
0.690176
0.689184
0.692128
0.690176
0.690784
0.705632
0.690944
0.690176
0.692096
0.690016
0.688608
0.690176
0.690176
0.691808
0.690176
0.689248
0.70656
0.692064
0.690176
0.691712
0.690176
0.688128
0.690016
0.692096
0.690976
0.690432
0.691872
0.690528
0.68992
0.690176
0.70656
0.689728
0.690176
0.689568
0.692224
0.690176
0.692448
0.689376
0.692576
0.689184
0.690144
0.691232
0.691904
0.69024
0.688128
0.690688
0.691488
0.692032
0.692032
0.690048
0.692224
0.692224
0.698144
0.690176
0.692224
0.689856
0.689888
0.690176
0.692384
0.691968
0.689504
0.690496
0.692224
0.688064
0.692096
0.707776
0.690656
0.688128
0.691744
0.690848
0.689248
0.689152
0.690176
0.690912
0.69056
0.6888
0.688128
0.691456
0.688128
0.690208
0.690176
0.694144
0.69152
0.690176
0.690176
0.690176
0.690176
0.704512
0.69456
0.689856
0.69168
0.690176
0.690176
0.68928
0.69152
0.68864
0.689952
0.689728
0.691808
0.690176
0.690176
0.689568
0.694272
0.692544
0.693184
0.690176
0.688704
0.689632
0.68992
0.691424
0.692224
0.689184
0.690176
0.688128
0.691392
0.691936
0.71024
0.692096
0.692416
0.690176
0.6896
0.691584
0.692128
0.690176
0.692224
0.689824
0.689408
0.690176
0.691712
0.692224
0.691872
0.690208
0.690848
0.692064
0.692096
0.689952
0.689952
0.69184
0.691264
0.690176
0.690464
0.689408
0.68832
0.68976
0.693568
0.708192
0.696384
0.690144
0.691328
0.689728
0.690112
0.690176
0.692224
0.691488
0.69392
0.691488
0.692032
0.692224
0.68848
0.690176
0.714752
0.69024
0.693472
0.688544
0.689824
0.688128
0.692128
0.708608
0.69296
0.690144
0.69008
0.68944
0.688128
0.689856
0.688128
0.691296
0.692352
0.688128
0.690176
0.690816
0.690176
0.690176
0.70864
0.69296
0.688128
0.690176
0.689664
0.690176
0.690176
0.689024
0.691392
0.690848
0.691328
0.690176
0.689344
0.688352
0.690176
0.68944
0.690592
0.68928
0.688608
0.690176
0.689056
0.68608
0.6896
0.69088
0.690912
0.691616
0.690016
0.690176
0.689536
0.692224
0.690656
0.690976
0.690176
0.689504
0.692224
0.691648
0.705888
0.692
0.695072
0.692672
0.691872
0.691232
0.690176
0.690176
0.688736
0.691776
0.689856
0.688128
0.692224
0.689312
0.689696
0.708928
0.690816
0.689216
0.689696
0.691296
0.692224
0.688128
0.693632
0.690176
0.694272
0.689344
0.690176
0.69024
0.690176
0.690592
0.704
0.691712
0.688736
0.690176
0.690176
0.688128
0.690176
0.690528
0.69056
0.694272
0.690176
0.688
0.6896
0.692224
0.691264
0.6912
0.692192
0.69008
0.691968
0.690176
0.694144
0.689312
0.689056
0.691072
0.690176
0.688736
0.690176
0.69152
0.689824
0.690176
0.690848
0.689952
0.690176
0.689568
0.689856
0.690176
0.69216
0.690176
0.690176
0.690592
0.690176
0.69184
0.690176
0.691296
0.69088
0.68992
0.688576
0.691296
0.690176
0.689728
0.692896
0.690048
0.692224
0.690176
0.69024
0.694272
0.691936
0.694176
0.692928
0.688128
0.690176
0.691776
0.689952
0.689152
0.688128
0.690752
0.68832
0.691744
0.692224
0.690656
0.691808
0.690976
0.68976
0.69296
0.691424
0.692224
0.692224
0.690176
0.702464
0.691392
0.689984
0.690048
0.6888
0.689792
0.69264
0.690272
0.690944
0.690496
0.69376
0.689856
0.692064
0.688128
0.690176
0.690176
0.6928
0.690144
0.689728
0.690176
0.692224
0.689472
0.691328
0.692064
0.692736
0.691328
0.692224
0.68944
0.690048
0.689312
0.692992
0.692864
0.690176
0.690176
0.69184
0.690048
0.691584
0.690176
0.692384
0.690816
0.690048
0.688416
0.688128
0.69152
0.689792
0.70656
0.692736
0.690176
0.691968
0.690176
0.690464
0.691328
0.690304
0.689824
0.690688
0.689888
0.690176
0.691456
0.690176
0.689824
0.69184
0.692448
0.692224
0.690112
0.689952
0.689472
0.690176
0.712704
0.688288
0.691904
0.689952
0.688832
0.691296
0.690176
0.690592
0.68928
0.690176
0.690176
0.6896
0.690208
0.692224
0.690368
0.69072
0.694272
0.689408
0.690176
0.690176
0.691808
0.691712
0.69472
0.690848
0.6912
0.690176
0.690176
0.705824
0.692416
0.688736
0.691456
0.688736
0.69184
0.690176
0.704512
0.693376
0.692224
0.692224
0.691392
0.6888
0.691648
0.708192
0.688128
0.689696
0.688512
0.688352
0.689408
0.689984
0.689984
0.692064
0.690176
0.690176
0.690176
0.691776
0.690176
0.70656
0.691008
0.689664
0.6896
0.693376
0.691584
0.690176
0.690176
0.691904
0.692224
0.689856
0.691072
0.690176
0.688448
0.688128
0.69104
0.688544
0.688128
0.690176
0.691392
0.690176
0.692224
0.69072
0.688576
0.689632
0.691424
0.690176
0.692
0.690016
0.693024
0.689504
0.689568
0.690112
0.691744
0.689568
0.689504
0.692224
0.691584
0.691712
0.689984
0.690048
0.68848
0.69008
0.692224
0.6896
0.688512
0.690176
0.690176
0.69216
0.708608
0.690208
0.690176
0.692032
0.690688
0.690176
0.688864
0.691168
0.692544
0.692896
0.689952
0.690016
0.690176
0.692224
0.694272
0.693024
0.690176
0.688128
0.690176
0.689824
0.691264
0.69104
0.689728
0.694624
0.688128
0.688128
0.689536
0.689504
0.690176
0.705184
0.6888
0.689216
0.691936
0.68992
0.690176
0.689632
0.690176
0.690976
0.695104
0.690112
0.688128
0.690176
0.690176
0.693664
0.688128
0.690752
0.689696
0.6896
0.693376
0.689824
0.689888
0.692288
0.690624
0.692224
0.691424
0.690176
0.690176
0.69056
0.705824
0.692896
0.690176
0.691904
0.690176
0.689792
0.689568
0.691744
0.691008
0.690816
0.689728
0.690176
0.688128
0.691936
0.690176
0.687392
0.690976
0.690624
0.689728
0.692224
0.690176
0.68992
0.692512
0.691008
0.690848
0.688128
0.688832
0.6912
0.691232
0.6904
0.692896
0.689952
0.692064
0.688736
0.692224
0.690176
0.694272
0.69072
0.690016
0.691776
0.689728
0.69008
0.691296
0.70592
0.690176
0.690176
0.691552
0.690016
0.690176
0.689504
0.690176
0.690688
0.689728
0.691296
0.690176
0.690176
0.691328
0.690848
0.690016
0.691104
0.689856
0.691744
0.690176
0.689408
0.68832
0.692224
0.694272
0.690592
0.690176
0.691424
0.689152
0.690848
0.690176
0.706656
0.692288
0.690176
0.690176
0.689568
0.688128
0.692224
0.690176
0.692992
0.691616
0.689728
0.690784
0.691328
0.689888
0.688704
0.690496
0.691904
0.691616
0.690176
0.690176
0.689184
0.690176
0.708896
0.693472
0.689696
0.693888
0.692224
0.69184
0.690176
0.689856
0.689696
0.690848
0.688128
0.692
0.692128
0.689856
0.70864
0.695104
0.690176
0.691904
0.692224
0.690176
0.691648
0.689664
0.690176
0.69008
0.692224
0.6888
0.691776
0.68832
0.689472
0.704512
0.692896
0.690176
0.691328
0.690176
0.688128
0.689792
0.692224
0.688928
0.690176
0.689408
0.688704
0.68992
0.690176
0.692224
0.689824
0.691872
0.690176
0.69168
0.690144
0.689632
0.689728
0.704992
0.690912
0.68992
0.692224
0.688832
0.690176
0.688544
0.689792
0.688064
0.692192
0.689952
0.689376
0.688384
0.69152
0.68928
0.689312
0.692704
0.691968
0.689248
0.690176
0.690176
0.690144
0.689568
0.690176
0.69104
0.688672
0.690176
0.690176
0.690176
0.692224
0.692224
0.691712
0.68928
0.690176
0.690176
0.689856
0.690528
0.691488
0.691808
0.689888
0.69152
0.689632
0.688128
0.689216
0.688128
0.692224
0.692896
0.690176
0.690176
0.692224
0.687776
0.702464
0.69248
0.688768
0.688128
0.688704
0.690176
0.692224
0.714528
0.691776
0.692768
0.692128
0.6912
0.690176
0.690176
0.689888
0.689024
0.690944
0.688128
0.690208
0.690176
0.690176
0.689632
0.702464
0.688832
0.688736
0.689632
0.688128
0.6896
0.690176
0.690176
0.690176
0.69216
0.690176
0.690176
0.690528
0.690176
0.692224
0.687936
0.691968
0.690176
0.690144
0.69168
0.689888
0.69136
0.690496
0.690176
0.692224
0.689312
0.690176
0.688128
0.689728
0.69008
0.690176
0.690848
0.691264
0.690688
0.69008
0.689536
0.688128
0.6872
0.692224
0.689152
0.690176
0.690176
0.690176
0.690176
0.691328
0.692608
0.689888
0.689344
0.69152
0.690688
0.692224
0.687744
0.690752
0.694336
0.691936
0.68976
0.688128
0.689952
0.690176
0.70656
0.69088
0.69216
0.690176
0.689472
0.6936
0.689824
0.711936
0.692512
0.690624
0.689984
0.691552
0.690144
0.689248
0.690496
0.691936
0.690432
0.690304
0.688128
0.690176
0.691264
0.689376
0.690176
0.694272
0.689568
0.690144
0.688544
0.688352
0.690176
0.69312
0.69296
0.688384
0.688832
0.68992
0.689184
0.688512
0.689792
0.693792
0.690848
0.691584
0.69136
0.688128
0.68944
0.6896
0.690048
0.693056
0.689952
0.690496
0.692224
0.69008
0.692224
0.7064
0.690912
0.690176
0.690848
0.690176
0.692096
0.690176
0.690176
0.690176
0.690848
0.690176
0.690176
0.690144
0.688736
0.69008
0.704512
0.690944
0.688832
0.689984
0.690176
0.690176
0.689888
0.690464
0.694112
0.694272
0.690176
0.688608
0.689472
0.690208
0.690592
0.704448
0.692992
0.691328
0.689728
0.690592
0.6912
0.691584
0.689792
0.686624
0.689088
0.689376
0.689952
0.691264
0.688832
0.69008
0.693984
0.69088
0.689088
0.692064
0.691264
0.690176
0.690432
0.690464
0.692224
0.690176
0.689376
0.691552
0.694048
0.689568
0.689824
0.692416
0.691712
0.692224
0.690176
0.690784
0.688128
0.692928
0.693088
0.691744
0.689984
0.693472
0.689856
0.688736
0.704128
0.690688
0.690176
0.690176
0.68976
0.690624
0.689792
0.71008
0.692448
0.690176
0.68992
0.690304
0.688384
0.691392
0.688768
0.690752
0.691456
0.68976
0.690432
0.692224
0.688832
0.693088
0.689792
0.690848
0.689696
0.690784
0.691392
0.692224
0.692224
0.692064
0.691648
0.688128
0.689344
0.688704
0.691616
0.691392
0.693088
0.6936
0.692224
0.692224
