1.07389
1.06525
1.05677
1.064
1.06634
1.0655
1.08544
1.06806
1.064
1.06496
1.06035
1.06035
1.06627
1.46637
1.06701
1.06061
1.06083
1.06086
1.06291
1.06275
1.06182
1.25338
1.06291
1.06358
1.06291
1.06442
1.06291
1.31162
1.06906
1.06554
1.06086
1.06573
1.06413
1.06694
1.05677
1.07114
1.06701
1.06474
1.06688
1.0688
1.06291
1.08528
1.07008
1.06426
1.05763
1.06701
1.06538
1.06461
1.06291
1.25328
1.06704
1.05882
1.06458
1.0663
1.06496
1.06496
1.2943
1.0711
1.06154
1.06086
1.06221
1.06496
1.06496
1.08275
1.06982
1.06269
1.06496
1.06291
1.06906
1.06086
1.08323
1.07734
1.05472
1.06
1.06403
1.06029
1.06496
1.06013
1.06781
1.06496
1.06685
1.06243
1.06291
1.06291
1.08749
1.07686
1.0664
1.06496
1.06163
1.06243
1.06422
1.06339
1.24768
1.06906
1.06538
1.06397
1.06496
1.06432
1.06067
1.30253
1.07274
1.06496
1.06291
1.06083
1.06496
1.06291
1.31517
1.0697
1.06512
1.06544
1.06467
1.06291
1.05859
1.29933
1.06906
1.05475
1.06496
1.06496
1.06413
1.06339
1.34349
1.07149
1.06701
1.05728
1.06381
1.06403
1.06496
1.06496
1.06573
1.06202
1.0656
1.06496
1.06534
1.06086
1.09082
1.08016
1.06496
1.06496
1.06698
1.06675
1.06602
1.0647
1.31072
1.06931
1.06666
1.06227
1.06496
1.0663
1.06598
1.08541
1.07613
1.06506
1.06384
1.06701
1.06701
1.06608
1.06496
1.29843
1.07315
1.06291
1.06496
1.06701
1.06448
1.05882
1.3135
1.07171
1.06496
1.06698
1.06483
1.06627
1.05869
1.33523
1.08269
1.06701
1.06432
1.06496
1.06291
1.06042
1.07901
1.25018
1.06496
1.06605
1.06211
1.06678
1.06832
1.0592
1.25414
1.06051
1.06477
1.0655
1.0601
1.06086
1.08486
1.0729
1.06346
1.06086
1.06045
1.06496
1.06291
1.24528
1.06278
1.0665
1.06608
1.06256
1.06496
1.06496
1.06381
1.0711
1.06528
1.05677
1.06291
1.06534
1.06486
1.30006
1.07258
1.0617
1.06467
1.06496
1.06701
1.06496
1.40288
1.07261
1.05805
1.06362
1.06624
1.06419
1.06086
1.23469
1.0752
1.06496
1.06291
1.06701
1.06858
1.06403
1.08749
1.39821
1.06906
1.06368
1.06698
1.06451
1.06701
1.06371
1.30867
1.07181
1.06608
1.06061
1.06419
1.06701
1.06474
1.08573
1.07725
1.06243
1.06576
1.06691
1.06701
1.06701
1.07667
1.06525
1.05674
1.06816
1.06643
1.06496
1.06682
1.06422
1.3248
1.072
1.06701
1.06496
1.0663
1.06701
1.06678
1.08608
1.06797
1.06224
1.06221
1.0681
1.06605
1.05882
1.08291
1.0631
1.06627
1.06611
1.06576
1.06496
1.06275
1.22266
1.08032
1.06701
1.06413
1.06701
1.06701
1.06301
1.07795
1.35373
1.06906
1.06483
1.06496
1.06064
1.06413
1.08925
1.10333
1.06496
1.06371
1.05824
1.06496
1.06496
1.06483
1.32618
1.07059
1.0656
1.06416
1.06336
1.06739
1.06701
1.08336
1.07507
1.06291
1.06496
1.06352
1.06448
1.06496
1.08198
1.25213
1.06653
1.06851
1.06259
1.06496
1.064
1.06422
1.32096
1.08022
1.05834
1.05984
1.06291
1.06438
1.06573
1.23904
1.08013
1.06496
1.06019
1.06381
1.06291
1.06403
1.08928
1.39264
1.0711
1.06496
1.06496
1.0641
1.06323
1.08339
1.07501
1.06003
1.06451
1.06714
1.06442
1.06496
1.06467
1.29843
1.064
1.06086
1.05997
1.06496
1.05882
1.08698
1.07418
1.05946
1.05866
1.06086
1.0616
1.06486
1.2984
1.06182
1.06381
1.06691
1.06406
1.06019
1.06291
1.06493
1.06774
1.06653
1.06627
1.0681
1.06496
1.06403
1.09347
1.0793
1.06291
1.06458
1.06701
1.06662
1.06291
1.06218
1.31734
1.07139
1.06829
1.06086
1.06496
1.06406
1.06496
1.08954
1.07834
1.06496
1.06496
1.06496
1.06496
1.0681
1.0888
1.25536
1.06701
1.06621
1.06086
1.06701
1.06477
1.06627
1.29718
1.0679
1.06259
1.06867
1.06067
1.06496
1.06669
1.06262
1.07549
1.06291
1.06291
1.06086
1.06464
1.06496
1.08749
1.07034
1.06634
1.06496
1.06554
1.06496
1.06678
1.06442
1.32211
1.06906
1.05846
1.06202
1.06666
1.06496
1.06362
1.31072
1.07882
1.06003
1.06086
1.06163
1.06614
1.06701
1.08339
1.2528
1.06333
1.06243
1.06496
1.06294
1.06541
1.06755
1.06496
1.06291
1.06637
1.06605
1.06426
1.06285
1.34442
1.06906
1.06016
1.06496
1.06493
1.06291
1.06534
1.08669
1.09962
1.06701
1.06832
1.06787
1.06842
1.06694
1.09107
1.24723
1.06906
1.06701
1.06701
1.06701
1.06477
1.06176
1.31235
1.07402
1.06291
1.06291
1.06566
1.06307
1.06576
1.08544
1.07328
1.06291
1.0649
1.06678
1.06608
1.06291
1.06496
1.06906
1.06483
1.06349
1.06166
1.06166
1.21498
1.25027
1.06755
1.06886
1.05882
1.06291
1.06291
1.06045
1.06758
1.0623
1.06685
1.06496
1.05882
1.06086
1.33232
1.06982
1.05997
1.06147
1.06291
1.05677
1.08134
1.07194
1.06086
1.06086
1.06528
1.06
1.06701
1.3392
1.06771
1.06486
1.06147
1.06179
1.06701
1.06448
1.31565
1.07107
1.06426
1.06701
1.06662
1.06496
1.06234
1.33325
1.06781
1.06086
1.06688
1.06291
1.06275
1.06627
1.08339
1.06906
1.06086
1.06195
1.06115
1.05747
1.06442
1.05882
1.06992
1.05949
1.06086
1.05955
1.06544
1.06291
1.31482
1.06675
1.06048
1.06701
1.06237
1.06291
1.06086
1.31658
1.06906
1.06269
1.0664
1.05309
1.06016
1.2185
1.06698
1.06701
1.06474
1.0648
1.06608
1.06672
1.08662
1.41706
1.06067
1.06496
1.0695
1.06496
1.06672
1.06166
1.36102
1.06483
1.06675
1.06637
1.06698
1.06582
1.06234
1.32096
1.0711
1.06646
1.06682
1.06602
1.06496
1.06432
1.07315
1.06378
1.06496
1.06531
1.0664
1.06454
1.06819
1.06285
1.33315
1.068
1.06701
1.06688
1.06701
1.05837
1.30048
1.07005
1.06701
1.06381
1.06765
1.06451
1.05926
1.08544
1.26832
1.06384
1.06701
1.06832
1.06701
1.06291
1.05882
1.31072
1.07034
1.06621
1.06477
1.06496
1.06086
1.06339
1.09024
1.07312
1.06413
1.06835
1.06496
1.06582
1.06291
1.06461
1.07821
1.06438
1.06086
1.05834
1.0607
1.05779
1.22099
1.07296
1.06691
1.06384
1.06442
1.05952
1.06355
1.08502
1.25133
1.06291
1.06442
1.06064
1.05882
1.06682
1.08077
1.34659
1.07181
1.06426
1.06086
1.06896
1.06672
1.06291
1.29904
1.25856
1.05677
1.05664
1.05814
1.05866
1.21904
1.2545
1.06269
1.0583
1.0583
1.05882
1.06291
1.07366
1.06592
1.06666
1.06291
1.06496
1.06291
1.0647
1.08749
1.2505
1.06851
1.06378
1.06394
1.06675
1.06086
1.09088
1.07005
1.06349
1.06291
1.06701
1.06496
1.05837
1.0809
1.25331
1.07302
1.06426
1.06544
1.06432
1.06435
1.06442
1.30198
1.07075
1.06627
1.06496
1.06496
1.06435
1.06067
1.08954
1.06966
1.06618
1.06496
1.06624
1.06288
1.06442
1.0793
1.0711
1.06691
1.06291
1.06243
1.06086
1.05677
1.05882
1.07267
1.06333
1.06496
1.06496
1.06496
1.05891
1.31562
1.07341
1.06291
1.06381
1.06477
1.06566
1.06643
1.23085
1.27888
1.06586
1.06701
1.06829
1.0648
1.06291
1.08544
1.06496
1.06496
1.06701
1.06291
1.06291
1.064
1.08954
1.25741
1.0711
1.06333
1.06291
1.06445
1.06346
1.06291
1.31219
1.06234
1.06419
1.06496
1.06682
1.06701
1.06483
1.08534
1.07514
1.05837
1.06227
1.06378
1.06086
1.05917
1.24026
1.0711
1.06691
1.05936
1.0647
1.06701
1.06458
1.06685
1.06701
1.25133
1.06992
1.05472
1.06531
1.06483
1.06448
1.25738
1.06291
1.06547
1.06496
1.06496
1.06701
1.06442
1.08864
1.06496
1.06496
1.06371
1.06598
1.06688
1.06496
1.06483
1.08134
1.06291
1.06291
1.06496
1.06406
1.06077
1.0632
1.32314
1.06045
1.06291
1.06877
1.06496
1.06291
1.06086
1.07581
1.06547
1.06496
1.0663
1.06701
1.06621
1.06304
1.34554
1.07414
1.06496
1.06701
1.06541
1.06464
1.06694
1.31648
1.06893
1.06291
1.06701
1.06413
1.06074
1.0633
1.08339
1.27405
1.07152
1.06637
1.06608
1.0664
1.06291
1.06291
1.08224
1.06701
1.06496
1.0681
1.06496
1.06496
1.0663
1.08749
1.07206
1.06291
1.06394
1.05965
1.06496
1.06173
1.08288
1.07328
1.06554
1.06339
1.06189
1.06573
1.06291
1.06269
1.31936
1.0711
1.06906
1.05882
1.06701
1.06755
1.06496
1.29962
1.0672
1.06211
1.06291
1.05978
1.06701
1.06691
1.40499
1.07059
1.06282
1.06291
1.06806
1.06477
1.06454
1.08246
1.39952
1.07203
1.06461
1.0663
1.06496
1.06605
1.06106
1.31482
1.06291
1.06083
1.06083
1.06291
1.06291
1.22877
1.06682
1.06534
1.06496
1.06515
1.06627
1.06291
1.21616
1.2567
1.06506
1.06496
1.06454
1.06445
1.06496
1.08749
1.07194
1.06486
1.0664
1.06291
1.06496
1.06323
1.06221
1.32304
1.07174
1.06438
1.06582
1.06496
1.0647
1.05984
1.30621
1.0687
1.06701
1.06605
1.06416
1.06416
1.06496
1.06272
1.25776
1.0697
1.06403
1.06496
1.06406
1.06682
1.06042
1.32096
1.06131
1.06493
1.06486
1.05677
1.06291
1.06496
1.3312
1.06915
1.06701
1.06496
1.05757
1.06496
1.06643
1.32096
1.0672
1.06275
1.06637
1.05882
1.06666
1.06413
1.09098
1.26976
1.06701
1.06819
1.06778
1.0625
1.06288
1.06291
1.29773
