1.296
1.30867
1.29638
1.46339
1.29229
1.30387
1.30048
1.30048
1.28794
1.30867
1.29434
1.63226
1.47798
1.30659
1.29523
1.30048
1.29536
1.31686
1.59498
1.30845
1.30048
1.30237
1.29645
1.30339
1.54595
1.29434
1.30227
1.30422
1.29843
1.30458
1.30458
1.57875
1.29002
1.30662
1.29427
1.30867
1.29843
1.30282
1.54973
1.3025
1.30627
1.29907
1.29552
1.30352
1.29843
1.56672
1.30022
1.29229
1.29434
1.29814
1.30694
1.30611
1.57386
1.31776
1.29434
1.3079
1.2959
1.30458
1.29949
1.32506
1.49299
1.30573
1.30374
1.3031
1.29776
1.30458
1.29475
1.56058
1.29843
1.31482
1.29843
1.30762
1.31357
1.30867
1.32096
1.31059
1.29843
1.29738
1.29562
1.31072
1.30659
1.57686
1.29638
1.29965
1.29843
1.30176
1.30042
1.30253
1.32506
1.30294
1.29843
1.31674
1.30394
1.29843
1.30253
1.30381
1.5296
1.30829
1.30736
1.30253
1.30458
1.29843
1.29843
1.31997
1.30662
1.29434
1.29843
1.30419
1.29638
1.30202
1.45408
1.29814
1.30221
1.2991
1.29402
1.30355
1.29638
1.29597
1.49094
1.30973
1.3056
1.30048
1.30048
1.30458
1.60685
1.31258
1.29638
1.30253
1.3079
1.30365
1.30662
1.33248
1.48326
1.30358
1.30458
1.30458
1.29229
1.31062
1.30019
1.54554
1.30048
1.30381
1.29434
1.3079
1.30368
1.30253
1.32496
1.31072
1.29638
1.30432
1.30038
1.3056
1.29792
1.33722
1.31021
1.29434
1.30653
1.30397
1.30198
1.30013
1.30458
1.56022
1.30458
1.29002
1.29638
1.31248
1.30048
1.30784
1.54541
1.29565
1.3
1.30314
1.30368
1.30867
1.2983
1.32915
1.30154
1.30458
1.30592
1.29843
1.30662
1.30253
1.29715
1.49274
1.3039
1.31277
1.3015
1.31363
1.30442
1.30195
1.55443
1.30253
1.30032
1.31686
1.29728
1.30458
1.29562
1.3271
1.29843
1.31197
1.3039
1.30458
1.30576
1.30867
1.29622
1.30867
1.30662
1.30419
1.30458
1.30458
1.29229
1.5369
1.29843
1.30662
1.30029
1.30323
1.29962
1.29507
1.30253
1.31856
1.3063
1.30048
1.30602
1.3121
1.30048
1.30442
1.48275
1.30458
1.30048
1.30406
1.29638
1.30579
1.32218
1.62406
1.30816
1.30598
1.292
1.30422
1.30653
1.30253
1.47754
1.30646
1.29843
1.29843
1.30202
1.31277
1.30362
1.3271
1.304
1.29974
1.29638
1.30566
1.2872
1.31027
1.55562
1.4944
1.30138
1.30662
1.30048
1.30662
1.29638
1.32899
1.31072
1.2839
1.2999
1.30698
1.29638
1.30458
1.54691
1.31277
1.30314
1.30253
1.30662
1.30528
1.30198
1.3353
1.30867
1.30224
1.30237
1.3057
1.30387
1.30662
1.29843
1.55136
1.29373
1.31235
1.30512
1.30253
1.29638
1.30358
1.55894
1.29638
1.30986
1.30339
1.29229
1.30576
1.29392
1.55229
1.29843
1.30662
1.29434
1.30662
1.30141
1.30253
1.32301
1.30458
1.29846
1.30458
1.30211
1.30048
1.30192
1.29808
1.29229
1.30048
1.30662
1.31072
1.29229
1.30662
1.30253
1.31043
1.29843
1.30643
1.30186
1.30048
1.29965
1.3017
1.54829
1.30342
1.30253
1.30438
1.30211
1.30662
1.30173
1.4807
1.64634
1.30867
1.30938
1.29594
1.30048
1.31277
1.32483
1.48275
1.30662
1.32096
1.30048
1.31072
1.30362
1.30784
1.56877
1.30458
1.30253
1.30896
1.29229
1.30458
1.29229
1.56672
1.3041
1.30496
1.28819
1.30154
1.3024
1.30794
1.32096
1.30662
1.2936
1.30589
1.29382
1.29994
1.30416
1.31178
1.53805
1.29869
1.29171
1.30253
1.30048
1.30429
1.29821
1.33325
1.30234
1.30253
1.29981
1.29638
1.30048
1.30614
1.64394
1.31117
1.29638
1.30515
1.30662
1.3065
1.30458
1.31805
1.58314
1.30637
1.30253
1.30362
1.29978
1.31206
1.30458
1.54787
1.30387
1.30253
1.29478
1.30749
1.30666
1.31072
1.32506
1.30867
1.29638
1.31258
1.29843
1.30093
1.29843
1.33398
1.47546
1.30211
1.30154
1.30205
1.29741
1.31482
1.29376
1.3353
1.30259
1.30602
1.30438
1.30458
1.29763
1.30611
1.32083
1.29773
1.29024
1.31277
1.29638
1.29024
1.30048
1.30662
1.5543
1.30867
1.29843
1.30838
1.28614
1.30851
1.30048
1.30522
1.30195
1.30109
1.29568
1.30253
1.30029
1.30202
1.32243
1.59334
1.30445
1.31798
1.29024
1.30829
1.29229
1.3353
1.30106
1.30576
1.29363
1.30157
1.29843
1.30253
1.30051
1.54829
1.30458
1.30458
1.30048
1.30253
1.29955
1.47616
1.29843
1.30214
1.3079
1.30624
1.29229
1.30662
1.45965
1.56464
1.29674
1.30589
1.29776
1.30557
1.30458
1.32506
1.29264
1.31277
1.30394
1.30662
1.30458
1.30416
1.30643
1.56205
1.31277
1.31072
1.31014
1.30403
1.2983
1.30038
1.30422
1.30826
1.30826
1.3024
1.29786
1.30144
1.29158
1.4575
1.4743
1.29638
1.29136
1.30355
1.31277
1.30285
1.2976
1.30515
1.30045
1.30458
1.30243
1.31267
1.29834
1.47456
1.29875
1.31072
1.30186
1.31261
1.29843
1.30163
1.29661
1.59094
1.29565
1.30662
1.3016
1.3072
1.30422
1.30662
1.55853
1.29843
1.30253
1.30221
1.30227
1.31014
1.30266
1.32803
1.29366
1.31277
1.30445
1.31072
1.30253
1.30662
1.30045
1.55107
1.29203
1.30662
1.30253
1.30851
1.30048
1.31059
1.31674
1.31101
1.29779
1.31046
1.30198
1.29923
1.29642
1.30048
1.30621
1.29747
1.29024
1.30125
1.30176
1.30867
1.30013
1.55558
1.30582
1.29629
1.29968
1.29638
1.29482
1.29638
1.55014
1.30538
1.29994
1.30662
1.29651
1.31277
1.32096
1.6425
1.30458
1.30867
1.29197
1.31072
1.30381
1.3025
1.56035
1.31158
1.30458
1.3065
1.28966
1.3023
1.29434
1.3289
1.30832
1.30253
1.29421
1.30592
1.30253
1.30662
1.29968
1.4841
1.2984
1.30342
1.29843
1.30867
1.30973
1.30019
1.32851
1.30534
1.3041
1.30253
1.29843
1.30662
1.30605
1.32656
1.30048
1.30339
1.3033
1.29638
1.29952
1.30854
1.30333
1.56032
1.29229
1.32064
1.29638
1.30253
1.30029
1.30458
1.31482
1.30048
1.30829
1.30723
1.30867
1.304
1.29834
1.32432
1.48166
1.29754
1.30253
1.30854
1.29638
1.30458
1.30397
1.55594
1.29021
1.30454
1.30438
1.30038
1.28806
1.30253
1.54624
1.30442
1.30048
1.30048
1.304
1.29638
1.29232
1.30253
1.29638
1.31472
1.30666
1.29837
1.30867
1.29434
1.5497
1.30355
1.29229
1.29818
1.29024
1.29843
1.2959
1.55853
1.29763
1.30733
1.30253
1.30634
1.30371
1.3312
1.29424
1.30058
1.30048
1.30003
1.29024
1.30253
1.31654
1.6239
1.4767
1.30253
1.29946
1.3064
1.29638
1.3271
1.47392
1.30634
1.30048
1.30182
1.2983
1.31072
1.32029
1.48573
1.30237
1.30253
1.29229
1.30253
1.30048
1.30192
1.55238
1.30672
1.29955
1.30349
1.30048
1.29574
1.29805
1.55034
1.30221
1.30042
1.29638
1.31072
1.29434
1.30234
1.55853
1.30582
1.30154
1.30845
1.29594
1.31482
1.29741
1.32915
1.30048
1.29434
1.29434
1.30458
1.31072
1.31386
1.3177
1.57901
1.29206
1.30458
1.30048
1.29728
1.30048
1.31402
1.53376
1.31072
1.3057
1.30458
1.2961
1.3033
1.29434
1.3241
1.29757
1.30742
1.29622
1.3079
1.30458
1.29296
1.54214
1.30458
1.3023
1.30253
1.29955
1.29843
1.29114
1.29434
1.31018
1.30288
1.29638
1.30253
1.30016
1.30762
1.64045
1.30598
1.30112
1.30467
1.30048
1.30221
1.29638
1.48166
1.55443
1.31002
1.29923
1.30662
1.30253
1.30048
1.3312
1.6199
1.59661
1.30253
1.30211
1.30138
1.30563
1.32506
1.60934
1.31072
1.30019
1.30253
1.2983
1.30435
1.29638
1.54829
1.30947
1.31238
1.29712
1.30048
1.28819
1.30048
1.32378
1.30461
1.3079
1.30579
1.30662
1.30576
1.29875
1.32624
1.29814
1.30659
1.30662
1.29482
1.2985
1.3057
1.30416
1.56058
1.29434
1.31242
1.29638
1.30611
1.30154
1.30253
1.32499
1.29619
1.30458
1.30867
1.30413
1.3072
1.29437
1.30074
1.29638
1.30998
1.29155
1.29638
1.30038
1.29843
1.54221
1.30618
1.30643
1.29834
1.29971
1.31277
1.29638
1.43155
1.29843
1.31277
1.30048
1.30458
1.29754
1.30253
1.32246
1.30378
1.29229
1.29946
1.29843
1.30253
1.29958
1.32915
1.5641
1.30752
1.30662
1.30576
1.30618
1.3065
1.29597
1.5497
1.30253
1.31072
1.29843
1.31229
1.29638
1.30048
1.32074
1.30925
1.29638
1.3065
1.29638
1.30458
1.30253
1.30854
1.53632
1.30867
1.30202
1.31181
1.28819
1.3057
1.30458
1.47251
1.48685
1.30048
1.29744
1.30253
1.30019
1.30086
1.3271
1.30765
1.30867
1.30438
1.29562
1.30387
1.29638
1.33034
1.30038
1.30573
1.30026
1.30048
1.30387
1.30406
1.32301
1.48851
1.30186
1.30458
1.29843
1.30253
1.30214
1.30458
1.54774
1.31475
1.29376
1.30438
1.29843
1.31741
1.31482
1.48627
1.29971
1.30662
1.29834
1.30253
1.29638
1.45766
1.30253
1.30787
1.29619
1.30458
1.30458
1.30867
1.47456
1.48976
1.30774
1.30458
1.30205
1.30458
1.2983
1.32506
1.56461
1.31482
1.29638
1.30253
1.30022
1.30253
1.29222
1.54742
1.30048
1.31482
1.30458
1.31027
1.30598
1.30646
1.31642
1.30458
1.30822
1.30454
1.30048
1.30867
1.29994
1.30048
1.52166
1.30669
1.30538
1.30662
1.30851
1.30867
1.29229
1.55853
1.31072
1.31133
1.30048
1.31072
1.30253
1.30163
1.32096
1.31277
1.29446
1.30662
