2.95526
2.7744
2.78528
2.78118
2.79245
3.04861
2.95453
2.77914
2.77709
2.77789
3.11501
2.95395
2.77309
2.77709
2.7792
2.92803
3.11501
2.95936
2.77453
2.77914
2.80576
3.0615
2.95062
2.7689
2.77184
2.79834
3.02672
2.9503
2.76685
2.78214
2.78966
3.032
2.95322
2.77504
2.7783
2.76797
3.0345
2.98394
2.96083
2.78118
2.77869
3.12502
2.96259
2.78666
2.77888
2.7689
2.78544
2.95213
2.9577
2.77094
2.77699
2.79962
2.9504
2.77021
2.76685
2.78298
2.80166
3.04864
2.95526
2.78282
2.77094
2.77178
3.04128
2.95731
2.77622
2.77818
2.78477
2.79619
2.95155
2.7809
2.77824
2.77949
2.79306
3.01846
2.94704
2.78077
2.78829
2.7759
3.06448
2.96333
2.78326
2.7801
2.75245
2.7857
3.15187
2.97152
2.78422
2.77389
2.78422
2.80576
3.11117
2.96538
2.77594
2.78778
2.80262
3.09494
2.95488
2.77872
2.78938
2.80349
3.0161
2.97107
2.78707
2.79347
2.80054
3.04355
2.9607
2.7833
2.77594
2.78189
3.05238
2.96502
2.7808
2.77939
2.78006
2.79837
2.96141
2.77766
2.77392
2.77709
2.79635
3.02243
2.95936
2.77526
2.78339
2.78291
3.06061
2.96675
2.78323
2.78579
2.7945
2.80986
2.9696
2.78938
2.79142
2.7903
2.80096
3.04013
2.95677
2.78307
2.77914
2.77171
3.05539
2.96829
2.99085
2.77632
2.77658
3.06058
2.9608
2.77536
2.77504
2.78672
3.11952
2.96742
2.97552
2.7841
2.77709
2.94912
3.04218
2.99213
2.7632
2.78291
3.13139
2.9665
2.96141
2.77546
2.78515
2.94787
3.0577
2.9655
2.7689
2.78906
2.80576
3.10557
2.97165
2.78755
2.7817
2.80461
2.95699
2.78118
2.77542
2.77798
2.77168
3.0169
2.96141
2.77178
2.77965
2.7816
3.05629
2.96029
2.78006
2.77309
2.78051
3.04611
2.95773
2.95526
2.77299
2.78403
2.78438
3.01962
2.95936
2.77981
2.77504
2.79219
3.01408
2.95462
2.78118
2.78218
2.76397
3.04291
2.95107
2.77709
2.78323
2.77962
3.10768
2.96445
2.95434
2.76752
2.77155
2.80368
3.04845
2.98115
2.7704
2.7792
2.79446
3.02154
2.96755
2.78118
2.78918
2.79142
3.05632
2.98598
2.78528
2.78627
2.79962
3.01994
2.96595
2.78822
2.7848
2.77763
3.12083
2.9664
2.78118
2.77603
2.7745
2.95814
3.10304
2.96346
2.7648
2.77395
3.11104
2.96464
2.96058
2.77779
2.772
3.05123
2.95546
2.97133
2.77674
2.79242
3.06134
2.97056
2.78522
2.78122
2.77712
2.80035
2.95117
2.9655
2.77709
2.77923
2.79968
3.03536
2.96096
2.78733
2.77616
2.77808
3.12378
2.96442
2.96835
2.77904
2.76566
3.14982
2.99082
2.9655
2.78134
2.7807
2.80538
2.96218
2.96854
2.7863
2.78938
2.81078
2.96141
2.7815
2.78214
2.78829
3.1273
2.9657
2.97165
2.78611
2.78758
2.80304
3.0465
2.97955
2.78474
2.78624
2.80285
3.01952
2.9584
2.79104
2.78733
2.79747
3.04224
2.97165
2.77914
2.77786
2.77914
3.11962
2.96739
2.78323
2.77606
2.78016
3.21827
2.9656
2.96755
2.776
2.77062
3.08902
2.96237
3.07507
2.7689
2.78413
3.05562
2.9641
2.77914
2.78118
2.78355
3.11997
2.96461
2.96755
2.77392
2.78221
2.93274
3.05718
2.97984
2.77946
2.7832
2.80941
3.02694
2.97165
2.78118
2.7841
2.79347
3.03741
2.95859
2.7841
2.77107
2.77792
3.04538
2.96333
3.07146
2.77504
2.77386
2.81213
2.9552
2.77914
2.77587
2.77581
2.79776
2.95219
2.95101
2.78109
2.78336
2.79763
2.95546
2.7729
2.7689
2.76694
2.77094
3.03997
2.9696
2.9687
2.77299
2.78381
3.06198
2.9737
2.78528
2.78525
2.78096
2.80448
2.96006
2.96301
2.77504
2.77706
2.79594
3.04006
2.95482
2.77181
2.77014
2.77238
3.12486
2.97469
2.95926
2.77299
2.77302
2.7759
2.95981
2.77238
2.77517
2.80371
3.07405
2.96899
2.78118
2.7896
2.80166
3.05827
2.96157
2.78118
2.78118
2.80467
3.02176
2.96934
2.7895
2.77408
2.78221
3.0223
2.95731
2.77622
2.76947
2.78582
3.04128
2.96448
2.96141
2.78141
2.77802
2.80698
2.95936
2.78861
2.76899
2.76784
2.80154
2.96496
2.95936
2.96256
2.77171
2.79606
3.04198
2.96797
2.77763
2.77232
2.77184
3.0401
2.9696
2.96746
2.78118
2.78131
3.06374
2.96269
2.77709
2.78118
2.79037
2.9648
2.95322
2.9655
2.96483
2.7775
2.80365
3.04976
2.9928
2.78381
2.78355
2.79142
3.03088
2.9696
2.78339
2.77594
2.77811
3.15258
2.97158
2.96205
2.77094
2.78374
3.19373
2.97078
2.96704
2.77504
2.78291
2.80576
2.97165
2.96925
2.77856
2.78442
3.0399
2.9633
2.96416
2.78259
2.78714
2.80266
2.95587
2.78118
2.78323
2.76982
2.79814
3.02323
2.96755
2.77872
2.7687
2.78333
3.06586
2.96208
2.77606
2.77818
2.77914
2.79322
2.79322
2.77853
2.76896
3.01171
2.94912
2.77709
2.77661
2.77398
2.80499
2.95402
2.77216
2.78528
2.7719
3.11091
2.96326
2.95312
2.77354
2.7697
2.948
3.04016
2.99562
2.78608
2.77094
2.80454
2.95526
2.96141
2.78032
2.76678
2.94093
2.94912
2.77459
2.76685
2.76941
2.78938
2.79142
2.95222
2.7689
2.7785
2.79171
3.08429
2.95875
2.77709
2.77667
2.76819
3.00451
2.95731
2.77338
2.7801
2.77094
3.04333
2.95638
2.77613
2.77914
2.7751
3.04566
2.95322
2.96419
2.78118
2.77651
3.05683
2.95078
2.76688
2.78118
2.77389
2.79427
2.95398
2.96477
2.78384
2.77981
2.80592
3.03923
2.95731
2.76893
2.77536
2.77299
3.02899
2.96102
2.78464
2.77885
2.77293
3.15562
2.98554
2.95526
2.78323
2.7689
3.05728
2.96461
3.09862
2.78323
2.76717
3.03923
2.96448
2.77389
2.78624
2.77299
3.04333
2.96125
2.96448
2.77523
2.77709
2.80166
2.96054
2.77094
2.78118
2.78573
2.79642
3.0144
2.95117
2.77408
2.78323
2.78118
3.15389
2.95962
2.95526
2.7792
2.7689
2.78893
2.96282
2.95718
2.78314
2.77085
2.79949
2.95734
2.77709
2.77914
2.77206
2.78938
2.95936
2.95936
2.77146
2.77299
2.79565
3.03235
2.95936
2.78118
2.78912
2.76486
3.12285
2.98288
2.96755
2.7871
2.76307
3.13549
2.98464
2.95914
2.78118
2.77094
3.05178
2.95526
3.06381
2.77446
2.77008
3.07405
2.95981
2.77094
2.78323
2.76368
2.78938
2.94579
2.95731
2.77654
2.77018
2.79466
3.04397
2.95117
2.77504
2.78326
2.77504
3.01334
2.9655
2.77094
2.77744
2.77504
3.03114
2.95661
2.7847
2.78611
2.78118
3.04006
2.96141
2.95117
2.77408
2.76685
3.13174
2.95408
2.77504
2.76445
2.77094
2.94298
3.09248
2.95322
2.77709
2.76861
2.79914
3.08755
2.95731
2.77821
2.7791
3.11907
2.95731
2.95613
2.77302
2.77453
2.7953
3.04525
2.98189
2.77504
2.77914
2.79552
3.01978
3.07117
2.77251
2.77635
2.79757
3.02816
2.95283
2.77504
2.78528
2.76813
3.0249
2.9575
3.06774
2.7831
2.77034
3.05971
2.96032
2.77862
2.77709
2.76429
2.78995
2.9608
2.94563
2.77043
2.76614
2.79277
3.0392
2.95424
2.77709
2.77504
2.78528
3.01462
2.96122
2.7769
2.77709
2.76688
3.05043
2.95731
2.76685
2.77619
2.77507
2.79347
2.95731
2.95286
2.77504
2.77459
2.79552
3.02861
2.96141
2.74755
3.01466
2.96451
2.96141
2.78118
2.77194
3.04128
2.9623
2.78509
2.79443
2.77405
3.14918
2.96512
2.96141
2.78694
2.77667
2.80694
2.96211
2.95248
2.78323
2.76685
3.04454
2.9585
3.0761
2.78272
2.78477
3.06176
2.96755
2.77709
2.77808
2.776
2.8015
2.95526
2.96016
2.77504
2.7736
2.93888
2.96054
2.77098
2.77709
2.78118
2.78528
3.01056
2.96096
2.78115
2.78323
2.76378
3.06659
2.95936
2.78038
2.77549
2.77926
3.05341
2.95322
2.95786
2.76746
2.76899
2.78938
2.95738
2.77434
2.77485
2.78198
2.79552
3.01562
2.95526
2.77914
2.77504
2.79363
3.03923
2.9552
2.76915
2.77955
2.77094
3.06797
2.98211
2.95117
2.7775
2.7729
3.0505
2.95011
2.77504
2.77504
2.76787
3.12115
2.95731
2.95238
2.77008
2.76915
2.93686
3.11091
2.95117
2.77094
2.7689
3.08634
2.96202
2.95117
2.77914
2.77789
3.05715
2.96019
2.76864
2.77619
2.7689
3.04298
2.95773
2.95018
2.77078
2.78486
2.7992
2.96176
2.78323
2.77299
2.78077
2.80275
3.01261
2.96061
2.77827
2.77917
2.75885
3.05152
2.95936
2.77658
2.78118
2.77123
2.79408
2.96342
2.94707
2.77677
2.7751
3.15043
2.95526
2.77034
2.78061
2.78378
2.7991
3.03133
2.98205
2.78013
2.78323
2.7911
3.03514
2.98598
2.77914
2.77126
2.78618
3.01395
2.95648
2.77293
2.77914
2.7767
3.02899
2.95862
2.77229
2.76509
2.76461
3.05302
2.95117
2.95731
2.76803
2.76275
3.13344
2.77914
2.77453
2.77728
2.78438
2.95219
3.08573
2.95526
2.77094
2.77837
2.79565
2.95526
2.9696
2.77427
2.76685
2.78723
2.95322
2.96141
2.77299
2.76842
2.79283
2.94707
2.76685
2.77245
2.77069
2.77405
3.01466
2.9649
2.77686
2.79142
2.76288
3.14163
2.96346
2.7689
2.77622
2.77402
3.1273
2.9832
2.95526
2.77296
2.76918
2.93466
2.96054
2.96742
2.77254
2.78733
2.93069
3.03718
2.96493
2.78058
2.77914
2.79962
3.04698
2.96122
2.78922
2.78118
2.79757
3.01875
2.95098
2.77526
2.78323
2.77299
2.79942
2.95322
2.77504
2.76582
2.77411
2.7968
