0.55552
0.569888
0.555008
0.559104
0.555232
0.56016
0.557792
0.55904
0.555072
0.561184
0.559104
0.559904
0.555136
0.555584
0.561152
0.555168
0.559264
0.559264
0.538976
0.544608
0.539424
0.550912
0.542656
0.547936
0.546112
0.542976
0.5424
0.54272
0.539648
0.5392
0.541248
0.557056
0.554272
0.552128
0.554848
0.556032
0.557056
0.5608
0.557184
0.558912
0.559552
0.557376
0.554816
0.557056
0.55856
0.55664
0.557184
0.555008
0.555008
0.556896
0.557056
0.55696
0.555136
0.555008
0.555424
0.55664
0.563264
0.5632
0.554848
0.551424
0.55504
0.555808
0.554592
0.556736
0.557056
0.555296
0.559104
0.556544
0.555488
0.558976
0.561536
0.557056
0.55728
0.557824
0.550528
0.552416
0.54944
0.546848
0.547168
0.54912
0.546816
0.548384
0.547552
0.545024
0.543584
0.561248
0.551904
0.551168
0.543136
0.549344
0.548576
0.546816
0.5464
0.550944
0.546048
0.549472
0.547392
0.550176
0.545376
0.54656
0.54464
0.546816
0.548864
0.545376
0.545024
0.54576
0.547104
0.562208
0.544896
0.548864
0.549696
0.550912
0.545472
0.548992
0.545504
0.546816
0.547296
0.552192
0.548704
0.550912
0.547488
0.546112
0.561088
0.549024
0.5488
0.545632
0.552
0.550816
0.550912
0.549504
0.544864
0.5472
0.547808
0.548864
0.545088
0.5464
0.544864
0.540928
0.546336
0.54512
0.546336
0.542592
0.544736
0.541248
0.546048
0.545216
0.545152
0.549312
0.544992
0.546752
0.546464
0.55008
0.544864
0.552416
0.544352
0.549184
0.54672
0.55296
0.548864
0.54688
0.547136
0.551424
0.548864
0.548672
0.54832
0.546656
0.545152
0.5464
0.543392
0.546816
0.54896
0.550496
0.556768
0.546944
0.544416
0.55104
0.550624
0.54736
0.550816
0.55296
0.544384
0.546816
0.544832
0.544736
0.546016
0.54496
0.5472
0.545248
0.54704
0.54528
0.54352
0.551296
0.544832
0.545248
0.545024
0.546816
0.546816
0.547392
0.54528
0.546912
0.544928
0.545056
0.548896
0.550016
0.544768
0.549696
0.543456
0.544992
0.552672
0.548448
0.545216
0.54512
0.545088
0.545696
0.544736
0.548928
0.549568
0.547584
0.546976
0.545376
0.54528
0.557728
0.555136
0.545248
0.544896
0.546912
0.544864
0.54656
0.548896
0.548352
0.545056
0.551328
0.548864
0.548736
0.546496
0.548064
0.55296
0.54624
0.5488
0.54528
0.54672
0.54992
0.550912
0.545184
0.546336
0.547104
0.545248
0.545184
0.544608
0.547008
0.547008
0.546816
0.547104
0.546336
0.549408
0.550816
0.547744
0.547328
0.5488
0.548
0.543424
0.546432
0.549568
0.544992
0.547168
0.545088
0.544864
0.546976
0.54704
0.552288
0.550176
0.548864
0.565248
0.54832
0.545216
0.548864
0.55072
0.550208
0.545984
0.54544
0.544512
0.546848
0.545184
0.545056
0.548608
0.550336
0.549728
0.550912
0.549984
0.548512
0.548512
0.55008
0.550624
0.548864
0.545664
0.549408
0.546944
0.545248
0.54768
0.54576
0.543616
0.545024
0.547328
0.548384
0.548
0.547296
0.544896
0.545152
0.549088
0.545408
0.54688
0.548896
0.548416
0.546752
0.546304
0.55056
0.54816
0.544512
0.54864
0.550784
0.550048
0.548864
0.54704
0.549312
0.5632
0.54864
0.546336
0.545024
0.546816
0.552992
0.544832
0.556704
0.546816
0.548672
0.548864
0.548864
0.543648
0.550688
0.54832
0.54528
0.5464
0.55008
0.548864
0.547648
0.548704
0.545408
0.553472
0.546816
0.55152
0.548032
0.544256
0.546496
0.550624
0.549408
0.545408
0.550272
0.548768
0.5464
0.547264
0.545568
0.544768
0.556736
0.550272
0.54912
0.548864
0.544768
0.54496
0.548928
0.5496
0.550912
0.546208
0.54528
0.548896
0.545216
0.548864
0.547232
0.559104
0.546816
0.548736
0.54656
0.544672
0.550336
0.549312
0.546688
0.546816
0.546912
0.550304
0.549664
0.545152
0.550848
0.549344
0.558048
0.548672
0.546816
0.548864
0.548928
0.548864
0.548864
0.551232
0.546912
0.544768
0.54736
0.548864
0.548864
0.546752
0.547776
0.554272
0.546816
0.548992
0.54688
0.546816
0.544576
0.54544
0.55504
0.548512
0.550912
0.543424
0.546816
0.545184
0.546656
0.544992
0.54512
0.54592
0.546784
0.548864
0.544672
0.545024
0.547552
0.546368
0.546304
0.544256
0.55296
0.548864
0.548864
0.544384
0.550656
0.545856
0.54768
0.547296
0.548864
0.546816
0.546496
0.543936
0.548896
0.546944
0.544768
0.545408
0.549408
0.543648
0.549056
0.544768
0.54704
0.54928
0.547008
0.548928
0.545184
0.547936
0.549536
0.550496
0.548896
0.553664
0.545056
0.543328
0.550112
0.547072
0.547872
0.546208
0.549952
0.545376
0.54544
0.544768
0.545664
0.545024
0.546816
0.543392
0.547168
0.545408
0.551328
0.545536
0.555712
0.550848
0.548864
0.547328
0.550048
0.545344
0.550272
0.548192
0.545344
0.546656
0.545312
0.544864
0.548864
0.546816
0.548928
0.550016
0.548224
0.544608
0.5456
0.547008
0.54752
0.548864
0.561056
0.546816
0.546656
0.54336
0.549312
0.545184
0.5472
0.550176
0.54912
0.547328
0.545664
0.550912
0.549312
0.550912
0.545536
0.545024
0.545536
0.550912
0.550592
0.547328
0.552544
0.54512
0.55072
0.548864
0.550912
0.550912
0.548608
0.546144
0.547456
0.552
0.548864
0.550368
0.551328
0.548864
0.548608
0.545216
0.547008
0.549184
0.546304
0.54864
0.546816
0.55008
0.54528
0.548896
0.550912
0.545952
0.5488
0.56368
0.548928
0.547264
0.546528
0.54976
0.548096
0.54688
0.550624
0.550208
0.54544
0.546816
0.5456
0.554528
0.546688
0.547296
0.55024
0.54656
0.548864
0.550656
0.545312
0.545184
0.546816
0.544416
0.548896
0.54736
0.551936
0.547072
0.561152
0.546816
0.544928
0.5448
0.548928
0.550656
0.5472
0.54816
0.546752
0.543424
0.545792
0.541408
0.545312
0.545088
0.548864
0.546688
0.547136
0.547328
0.550912
0.550848
0.55296
0.545024
0.548736
0.549984
0.547424
0.54896
0.548448
0.548864
0.546752
0.548064
0.548032
0.543968
0.546816
0.548608
0.549856
0.553344
0.546816
0.54528
0.553312
0.548992
0.549888
0.55152
0.550144
0.547648
0.550208
0.544576
0.550016
0.54528
0.547104
0.54784
0.5456
0.54672
0.547232
0.547744
0.550912
0.544992
0.548864
0.545056
0.551776
0.547008
0.552224
0.550144
0.54992
0.545216
0.544992
0.54608
0.546816
0.557216
0.564704
0.56128
0.5632
0.561152
0.5632
0.562976
0.5632
0.561568
0.5632
0.562176
0.561152
0.567104
0.564992
0.561152
0.561184
0.5608
0.566144
0.561152
0.563008
0.5632
0.565248
0.567296
0.565184
0.562784
0.5632
0.561248
0.562592
0.562432
0.565248
0.560864
0.565696
0.563136
0.561376
0.561152
0.564544
0.562432
0.56464
0.5632
0.561408
0.561152
0.563136
0.5632
0.5632
0.562752
0.5632
0.552896
0.555648
0.551104
0.55296
0.552736
0.55248
0.550848
0.55216
0.550816
0.553504
0.554656
0.555008
0.551136
0.556544
0.556576
0.553728
0.552512
0.567456
0.551264
0.554336
0.555008
0.555456
0.55424
0.552352
0.555008
0.557056
0.552928
0.55584
0.554336
0.551392
0.557024
0.555744
0.561152
0.552576
0.555008
0.555008
0.557024
0.551136
0.555008
0.553664
0.550592
0.552
0.549984
0.55296
0.553056
0.554528
0.556032
0.55296
0.550912
0.555008
0.554752
0.557472
0.553632
0.551232
0.55104
0.550848
0.555008
0.556608
0.553952
0.550912
0.5528
0.55408
0.557056
0.554016
0.554784
0.55472
0.556704
0.555008
0.55296
0.552032
0.549504
0.554816
0.549248
0.550496
0.550464
0.555008
0.550528
0.55296
0.551264
0.55264
0.555616
0.551104
0.550368
0.55296
0.55296
0.551168
0.551232
0.553952
0.549088
0.55136
0.55312
0.555008
0.55296
0.552736
0.550912
0.551072
0.555008
0.553664
0.550592
0.552384
0.551328
0.552864
0.555008
0.554944
0.551296
0.552768
0.556384
0.55296
0.551104
0.555648
0.551072
0.557056
0.555008
0.5544
0.55296
0.55472
0.554848
0.549248
0.550784
0.551744
0.55296
0.554624
0.553536
0.557088
0.55264
0.55296
0.559136
0.552896
0.55296
0.550656
0.555008
0.55296
0.555008
0.550688
0.550912
0.555008
0.552032
0.555072
0.552864
0.55552
0.551488
0.552928
0.552128
0.549984
0.550368
0.553088
0.55296
0.554624
0.556544
0.553344
0.572512
0.57344
0.56464
0.564736
0.566048
0.5632
0.561152
0.565376
0.564544
0.558432
0.5632
0.561152
0.564256
0.5632
0.563168
0.581632
0.562272
0.5632
0.5632
0.56528
0.565248
0.560672
0.565248
0.56464
0.5632
0.563552
0.5632
0.565248
0.563776
0.5632
0.571392
0.5632
0.568128
0.5632
0.5632
0.561152
0.561152
0.565696
0.56256
0.564704
0.565248
0.5632
0.565248
0.552992
0.555008
0.564256
0.550944
0.552096
0.551808
0.55296
0.55248
0.554656
0.555008
0.55488
0.55296
0.552256
0.55024
0.55296
0.550912
0.553152
0.561408
0.552
0.550912
0.550912
0.55296
0.55296
0.554528
0.555008
0.555264
0.555008
0.555008
0.550656
0.548992
0.552768
0.551424
0.55296
0.554432
0.551008
0.553056
0.556544
0.55296
0.55296
0.55296
0.555008
0.552896
0.550944
0.556576
0.55408
0.553344
0.555264
0.551424
0.556256
0.552032
0.556288
0.550752
0.554784
0.555296
0.547424
0.552288
0.550752
0.551328
0.551008
0.55168
0.557056
0.554016
0.550912
0.550752
0.550912
0.557248
0.552352
0.553056
0.551104
0.550912
0.556768
0.55296
0.555008
0.55328
0.552608
0.550752
0.557152
0.554784
0.555488
0.550912
0.555008
0.554816
0.55472
0.55296
0.552896
0.550944
0.552736
0.55296
0.551872
0.55296
0.55088
0.55296
0.555136
0.557184
0.551872
0.550912
0.553984
0.549472
0.561152
0.551936
0.555008
0.550656
0.55376
0.5504
0.555008
0.555008
0.554304
0.555008
0.559008
0.555616
0.556704
0.55488
0.556448
0.557248
0.559104
0.559104
0.560224
0.561152
0.558144
